topSearches,value,geo,keyword,time,sys_time
,,BR-AC,Dengue,2021-07,2025-07-30 15:36
dengue,100,BR-AL,Dengue,2021-07,2025-07-30 15:36
dengue sintomas,24,BR-AL,Dengue,2021-07,2025-07-30 15:36
sintomas da dengue,14,BR-AL,Dengue,2021-07,2025-07-30 15:36
mosquito da dengue,12,BR-AL,Dengue,2021-07,2025-07-30 15:36
dengue tratamento,4,BR-AL,Dengue,2021-07,2025-07-30 15:36
dengue,100,BR-AM,Dengue,2021-07,2025-07-30 15:36
dengue sintomas,22,BR-AM,Dengue,2021-07,2025-07-30 15:36
sintomas da dengue,13,BR-AM,Dengue,2021-07,2025-07-30 15:36
sintomas de dengue,9,BR-AM,Dengue,2021-07,2025-07-30 15:36
quais os sintomas da dengue,5,BR-AM,Dengue,2021-07,2025-07-30 15:36
,,BR-AP,Dengue,2021-07,2025-07-30 15:36
dengue,100,BR-BA,Dengue,2021-07,2025-07-30 15:36
dengue sintomas,19,BR-BA,Dengue,2021-07,2025-07-30 15:36
mosquito da dengue,15,BR-BA,Dengue,2021-07,2025-07-30 15:36
sintomas da dengue,12,BR-BA,Dengue,2021-07,2025-07-30 15:36
sintomas de dengue,8,BR-BA,Dengue,2021-07,2025-07-30 15:36
chikungunya,8,BR-BA,Dengue,2021-07,2025-07-30 15:36
sintomas do covid,3,BR-BA,Dengue,2021-07,2025-07-30 15:36
dengue,100,BR-CE,Dengue,2021-07,2025-07-30 15:36
dengue sintomas,30,BR-CE,Dengue,2021-07,2025-07-30 15:36
sintomas da dengue,16,BR-CE,Dengue,2021-07,2025-07-30 15:36
sintomas de dengue,9,BR-CE,Dengue,2021-07,2025-07-30 15:36
dengue hemorrágica,4,BR-CE,Dengue,2021-07,2025-07-30 15:36
sintomas covid,3,BR-CE,Dengue,2021-07,2025-07-30 15:36
dengue tratamento,3,BR-CE,Dengue,2021-07,2025-07-30 15:36
quais os sintomas da dengue,2,BR-CE,Dengue,2021-07,2025-07-30 15:36
manchas de dengue,1,BR-CE,Dengue,2021-07,2025-07-30 15:36
cid dengue,1,BR-CE,Dengue,2021-07,2025-07-30 15:36
plaquetas baixas dengue,1,BR-CE,Dengue,2021-07,2025-07-30 15:36
sintoma da dengue,1,BR-CE,Dengue,2021-07,2025-07-30 15:36
como tratar dengue,1,BR-CE,Dengue,2021-07,2025-07-30 15:36
dengue da coçeira,1,BR-CE,Dengue,2021-07,2025-07-30 15:36
sintomas do covid,1,BR-CE,Dengue,2021-07,2025-07-30 15:36
quanto tempo dura a dengue,1,BR-CE,Dengue,2021-07,2025-07-30 15:36
quantos dias dura a dengue,1,BR-CE,Dengue,2021-07,2025-07-30 15:36
como saber se estou com dengue,1,BR-CE,Dengue,2021-07,2025-07-30 15:36
tratamento da dengue,1,BR-CE,Dengue,2021-07,2025-07-30 15:36
dengue é contagiosa,0,BR-CE,Dengue,2021-07,2025-07-30 15:36
dengue,100,BR-DF,Dengue,2021-07,2025-07-30 15:36
dengue sintomas,23,BR-DF,Dengue,2021-07,2025-07-30 15:36
sintomas da dengue,12,BR-DF,Dengue,2021-07,2025-07-30 15:36
sintomas de dengue,8,BR-DF,Dengue,2021-07,2025-07-30 15:36
sintomas covid,3,BR-DF,Dengue,2021-07,2025-07-30 15:36
dengue hemorrágica,3,BR-DF,Dengue,2021-07,2025-07-30 15:36
dengue,100,BR-ES,Dengue,2021-07,2025-07-30 15:36
dengue sintomas,20,BR-ES,Dengue,2021-07,2025-07-30 15:36
sintomas da dengue,11,BR-ES,Dengue,2021-07,2025-07-30 15:36
sintomas de dengue,4,BR-ES,Dengue,2021-07,2025-07-30 15:36
dengue,100,BR-GO,Dengue,2021-07,2025-07-30 15:36
dengue sintomas,31,BR-GO,Dengue,2021-07,2025-07-30 15:36
sintomas da dengue,17,BR-GO,Dengue,2021-07,2025-07-30 15:36
sintomas de dengue,12,BR-GO,Dengue,2021-07,2025-07-30 15:36
sintomas covid,6,BR-GO,Dengue,2021-07,2025-07-30 15:36
cid dengue,3,BR-GO,Dengue,2021-07,2025-07-30 15:36
quais são os sintomas da dengue,2,BR-GO,Dengue,2021-07,2025-07-30 15:36
dengue sintomas finais,1,BR-GO,Dengue,2021-07,2025-07-30 15:36
dengue,100,BR-MA,Dengue,2021-07,2025-07-30 15:36
dengue sintomas,24,BR-MA,Dengue,2021-07,2025-07-30 15:36
sintomas de dengue,9,BR-MA,Dengue,2021-07,2025-07-30 15:36
sintomas da dengue,8,BR-MA,Dengue,2021-07,2025-07-30 15:36
dengue,100,BR-MG,Dengue,2021-07,2025-07-30 15:36
sintomas dengue,24,BR-MG,Dengue,2021-07,2025-07-30 15:36
mosquito da dengue,11,BR-MG,Dengue,2021-07,2025-07-30 15:36
sintomas da dengue,10,BR-MG,Dengue,2021-07,2025-07-30 15:36
sintomas de dengue,10,BR-MG,Dengue,2021-07,2025-07-30 15:36
sintomas covid,2,BR-MG,Dengue,2021-07,2025-07-30 15:36
dengue sintomas iniciais,1,BR-MG,Dengue,2021-07,2025-07-30 15:36
sintomas da covid 19,1,BR-MG,Dengue,2021-07,2025-07-30 15:36
dengue,100,BR-MS,Dengue,2021-07,2025-07-30 15:36
sintomas da dengue,18,BR-MS,Dengue,2021-07,2025-07-30 15:36
sintomas covid,8,BR-MS,Dengue,2021-07,2025-07-30 15:36
sintomas de dengue,4,BR-MS,Dengue,2021-07,2025-07-30 15:36
dengue,100,BR-MT,Dengue,2021-07,2025-07-30 15:36
sintomas dengue,28,BR-MT,Dengue,2021-07,2025-07-30 15:36
sintomas da dengue,14,BR-MT,Dengue,2021-07,2025-07-30 15:36
sintomas de dengue,12,BR-MT,Dengue,2021-07,2025-07-30 15:36
dengue,100,BR-PA,Dengue,2021-07,2025-07-30 15:36
dengue sintomas,30,BR-PA,Dengue,2021-07,2025-07-30 15:36
sintomas da dengue,17,BR-PA,Dengue,2021-07,2025-07-30 15:36
dengue,100,BR-PB,Dengue,2021-07,2025-07-30 15:36
sintomas dengue,26,BR-PB,Dengue,2021-07,2025-07-30 15:36
sintomas da dengue,13,BR-PB,Dengue,2021-07,2025-07-30 15:36
sintomas de dengue,9,BR-PB,Dengue,2021-07,2025-07-30 15:36
mosquito da dengue,6,BR-PB,Dengue,2021-07,2025-07-30 15:36
dengue hemorrágica,5,BR-PB,Dengue,2021-07,2025-07-30 15:36
quais os sintomas da dengue,3,BR-PB,Dengue,2021-07,2025-07-30 15:36
sintomas de chikungunya,2,BR-PB,Dengue,2021-07,2025-07-30 15:36
quais são os sintomas da dengue,2,BR-PB,Dengue,2021-07,2025-07-30 15:36
dengue,100,BR-PE,Dengue,2021-07,2025-07-30 15:36
dengue sintomas,30,BR-PE,Dengue,2021-07,2025-07-30 15:36
chikungunya,17,BR-PE,Dengue,2021-07,2025-07-30 15:36
sintomas da dengue,16,BR-PE,Dengue,2021-07,2025-07-30 15:36
sintomas de dengue,11,BR-PE,Dengue,2021-07,2025-07-30 15:36
sintomas chikungunya,8,BR-PE,Dengue,2021-07,2025-07-30 15:36
sintomas da chikungunya,5,BR-PE,Dengue,2021-07,2025-07-30 15:36
mosquito da dengue,4,BR-PE,Dengue,2021-07,2025-07-30 15:36
sintomas de chikungunya,3,BR-PE,Dengue,2021-07,2025-07-30 15:36
dengue hemorrágica,3,BR-PE,Dengue,2021-07,2025-07-30 15:36
sintomas da zika,3,BR-PE,Dengue,2021-07,2025-07-30 15:36
remédio para dengue,3,BR-PE,Dengue,2021-07,2025-07-30 15:36
sintomas covid,3,BR-PE,Dengue,2021-07,2025-07-30 15:36
dengue manchas na pele,2,BR-PE,Dengue,2021-07,2025-07-30 15:36
remedio para dengue,2,BR-PE,Dengue,2021-07,2025-07-30 15:36
manchas de dengue,2,BR-PE,Dengue,2021-07,2025-07-30 15:36
sintomas de covid,2,BR-PE,Dengue,2021-07,2025-07-30 15:36
qual remedio para dengue,2,BR-PE,Dengue,2021-07,2025-07-30 15:36
quais os sintomas da dengue,2,BR-PE,Dengue,2021-07,2025-07-30 15:36
sintomas da dengue zika e chikungunya,2,BR-PE,Dengue,2021-07,2025-07-30 15:36
dengue pode tomar dipirona,1,BR-PE,Dengue,2021-07,2025-07-30 15:36
sintomas de dengue e chikungunya,1,BR-PE,Dengue,2021-07,2025-07-30 15:36
dengue hemorrágica sintomas,1,BR-PE,Dengue,2021-07,2025-07-30 15:36
sintoma da dengue,1,BR-PE,Dengue,2021-07,2025-07-30 15:36
sintomas de zika,1,BR-PE,Dengue,2021-07,2025-07-30 15:36
dengue,100,BR-PI,Dengue,2021-07,2025-07-30 15:36
dengue sintomas,28,BR-PI,Dengue,2021-07,2025-07-30 15:36
sintomas da dengue,15,BR-PI,Dengue,2021-07,2025-07-30 15:36
sintomas de dengue,14,BR-PI,Dengue,2021-07,2025-07-30 15:36
remédio para dengue,3,BR-PI,Dengue,2021-07,2025-07-30 15:36
dengue,100,BR-PR,Dengue,2021-07,2025-07-30 15:36
sintomas dengue,27,BR-PR,Dengue,2021-07,2025-07-30 15:36
sintomas da dengue,14,BR-PR,Dengue,2021-07,2025-07-30 15:36
sintomas de dengue,11,BR-PR,Dengue,2021-07,2025-07-30 15:36
mosquito da dengue,9,BR-PR,Dengue,2021-07,2025-07-30 15:36
vacina dengue,5,BR-PR,Dengue,2021-07,2025-07-30 15:36
sintomas covid,4,BR-PR,Dengue,2021-07,2025-07-30 15:36
dengue,100,BR-RJ,Dengue,2021-07,2025-07-30 15:36
sintomas dengue,22,BR-RJ,Dengue,2021-07,2025-07-30 15:36
sintomas da dengue,10,BR-RJ,Dengue,2021-07,2025-07-30 15:36
mosquito da dengue,10,BR-RJ,Dengue,2021-07,2025-07-30 15:36
dengue,100,BR-RN,Dengue,2021-07,2025-07-30 15:36
dengue sintomas,25,BR-RN,Dengue,2021-07,2025-07-30 15:36
sintomas da dengue,13,BR-RN,Dengue,2021-07,2025-07-30 15:36
mosquito da dengue,12,BR-RN,Dengue,2021-07,2025-07-30 15:36
sintomas de dengue,12,BR-RN,Dengue,2021-07,2025-07-30 15:36
dengue,100,BR-RO,Dengue,2021-07,2025-07-30 15:36
dengue,100,BR-RR,Dengue,2021-07,2025-07-30 15:36
dengue,100,BR-RS,Dengue,2021-07,2025-07-30 15:36
dengue sintomas,21,BR-RS,Dengue,2021-07,2025-07-30 15:36
mosquito da dengue,13,BR-RS,Dengue,2021-07,2025-07-30 15:36
sintomas da dengue,12,BR-RS,Dengue,2021-07,2025-07-30 15:36
dengue,100,BR-SC,Dengue,2021-07,2025-07-30 15:36
dengue sintomas,27,BR-SC,Dengue,2021-07,2025-07-30 15:36
sintomas da dengue,14,BR-SC,Dengue,2021-07,2025-07-30 15:36
mosquito da dengue,10,BR-SC,Dengue,2021-07,2025-07-30 15:36
sintomas de dengue,6,BR-SC,Dengue,2021-07,2025-07-30 15:36
sintomas covid,3,BR-SC,Dengue,2021-07,2025-07-30 15:36
dengue é transmissivel,2,BR-SC,Dengue,2021-07,2025-07-30 15:36
dengue,100,BR-SE,Dengue,2021-07,2025-07-30 15:36
dengue sintomas,25,BR-SE,Dengue,2021-07,2025-07-30 15:36
sintomas de dengue,8,BR-SE,Dengue,2021-07,2025-07-30 15:36
sintomas da dengue,7,BR-SE,Dengue,2021-07,2025-07-30 15:36
dengue,100,BR-SP,Dengue,2021-07,2025-07-30 15:36
dengue sintomas,30,BR-SP,Dengue,2021-07,2025-07-30 15:36
sintomas da dengue,15,BR-SP,Dengue,2021-07,2025-07-30 15:36
sintomas de dengue,10,BR-SP,Dengue,2021-07,2025-07-30 15:36
mosquito da dengue,8,BR-SP,Dengue,2021-07,2025-07-30 15:36
sintomas covid,5,BR-SP,Dengue,2021-07,2025-07-30 15:36
vacina dengue,4,BR-SP,Dengue,2021-07,2025-07-30 15:36
o que é dengue,4,BR-SP,Dengue,2021-07,2025-07-30 15:36
chikungunya,3,BR-SP,Dengue,2021-07,2025-07-30 15:36
dengue tratamento,2,BR-SP,Dengue,2021-07,2025-07-30 15:36
quais os sintomas da dengue,2,BR-SP,Dengue,2021-07,2025-07-30 15:36
dengue e covid,2,BR-SP,Dengue,2021-07,2025-07-30 15:36
vacina da dengue,2,BR-SP,Dengue,2021-07,2025-07-30 15:36
dengue hemorrágica,2,BR-SP,Dengue,2021-07,2025-07-30 15:36
cid dengue,2,BR-SP,Dengue,2021-07,2025-07-30 15:36
febre amarela,2,BR-SP,Dengue,2021-07,2025-07-30 15:36
aedes aegypti,1,BR-SP,Dengue,2021-07,2025-07-30 15:36
quais são os sintomas da dengue,1,BR-SP,Dengue,2021-07,2025-07-30 15:36
sinan dengue,1,BR-SP,Dengue,2021-07,2025-07-30 15:36
tratamento para dengue,1,BR-SP,Dengue,2021-07,2025-07-30 15:36
dengue sintomas finais,0,BR-SP,Dengue,2021-07,2025-07-30 15:36
dengue é contagioso,0,BR-SP,Dengue,2021-07,2025-07-30 15:36
sintomas de dengue hemorrágica,0,BR-SP,Dengue,2021-07,2025-07-30 15:36
sintomas de dengue leve,0,BR-SP,Dengue,2021-07,2025-07-30 15:36
sintomas da dengue,100,BR-TO,Dengue,2021-07,2025-07-30 15:36
dengue,100,BR,Dengue,2021-07,2025-07-30 15:36
da dengue,33,BR,Dengue,2021-07,2025-07-30 15:36
dengue sintomas,24,BR,Dengue,2021-07,2025-07-30 15:36
a dengue,15,BR,Dengue,2021-07,2025-07-30 15:36
sintomas da dengue,12,BR,Dengue,2021-07,2025-07-30 15:36
sintomas de dengue,8,BR,Dengue,2021-07,2025-07-30 15:36
mosquito dengue,8,BR,Dengue,2021-07,2025-07-30 15:36
mosquito da dengue,7,BR,Dengue,2021-07,2025-07-30 15:36
chikungunya,5,BR,Dengue,2021-07,2025-07-30 15:36
o que é dengue,5,BR,Dengue,2021-07,2025-07-30 15:36
zika,4,BR,Dengue,2021-07,2025-07-30 15:36
sintomas covid,3,BR,Dengue,2021-07,2025-07-30 15:36
o que é a dengue,3,BR,Dengue,2021-07,2025-07-30 15:36
os sintomas da dengue,3,BR,Dengue,2021-07,2025-07-30 15:36
exame dengue,3,BR,Dengue,2021-07,2025-07-30 15:36
dengue e chikungunya,3,BR,Dengue,2021-07,2025-07-30 15:36
vacina dengue,3,BR,Dengue,2021-07,2025-07-30 15:36
tratamento dengue,2,BR,Dengue,2021-07,2025-07-30 15:36
dengue hemorrágica,2,BR,Dengue,2021-07,2025-07-30 15:36
quais sintomas da dengue,2,BR,Dengue,2021-07,2025-07-30 15:36
chikungunya sintomas,2,BR,Dengue,2021-07,2025-07-30 15:36
vírus,2,BR,Dengue,2021-07,2025-07-30 15:36
manchas dengue,2,BR,Dengue,2021-07,2025-07-30 15:36
zika chikungunya e dengue,2,BR,Dengue,2021-07,2025-07-30 15:36
quais os sintomas da dengue,2,BR,Dengue,2021-07,2025-07-30 15:36
,,BR-AC,Chikungunya,2021-07,2025-07-30 15:36
chikungunya,100,BR-AL,Chikungunya,2021-07,2025-07-30 15:36
chikungunya,100,BR-AM,Chikungunya,2021-07,2025-07-30 15:36
,,BR-AP,Chikungunya,2021-07,2025-07-30 15:36
chikungunya,100,BR-BA,Chikungunya,2021-07,2025-07-30 15:36
sintomas da chikungunya,12,BR-BA,Chikungunya,2021-07,2025-07-30 15:36
quais os sintomas da chikungunya,6,BR-BA,Chikungunya,2021-07,2025-07-30 15:36
sintomas de chikungunya,6,BR-BA,Chikungunya,2021-07,2025-07-30 15:36
chikungunya tratamento,5,BR-BA,Chikungunya,2021-07,2025-07-30 15:36
sintomas do covid,3,BR-BA,Chikungunya,2021-07,2025-07-30 15:36
chikungunya,100,BR-CE,Chikungunya,2021-07,2025-07-30 15:36
chikungunya sintomas,24,BR-CE,Chikungunya,2021-07,2025-07-30 15:36
sintomas da chikungunya,15,BR-CE,Chikungunya,2021-07,2025-07-30 15:36
chikungunya,100,BR-DF,Chikungunya,2021-07,2025-07-30 15:36
chikungunya,100,BR-ES,Chikungunya,2021-07,2025-07-30 15:36
chikungunya,100,BR-GO,Chikungunya,2021-07,2025-07-30 15:36
,,BR-MA,Chikungunya,2021-07,2025-07-30 15:36
chikungunya,100,BR-MG,Chikungunya,2021-07,2025-07-30 15:36
chikungunya sintomas,17,BR-MG,Chikungunya,2021-07,2025-07-30 15:36
chikungunya,100,BR-MS,Chikungunya,2021-07,2025-07-30 15:36
chikungunya,100,BR-MT,Chikungunya,2021-07,2025-07-30 15:36
chikungunya,100,BR-PA,Chikungunya,2021-07,2025-07-30 15:36
chikungunya,100,BR-PB,Chikungunya,2021-07,2025-07-30 15:36
chikungunya sintomas,21,BR-PB,Chikungunya,2021-07,2025-07-30 15:36
sintomas da chikungunya,8,BR-PB,Chikungunya,2021-07,2025-07-30 15:36
sintomas de chikungunya,7,BR-PB,Chikungunya,2021-07,2025-07-30 15:36
chikungunya tratamento,6,BR-PB,Chikungunya,2021-07,2025-07-30 15:36
chikungunya manchas,5,BR-PB,Chikungunya,2021-07,2025-07-30 15:36
sintomas de dengue,3,BR-PB,Chikungunya,2021-07,2025-07-30 15:36
chikungunya sequelas,3,BR-PB,Chikungunya,2021-07,2025-07-30 15:36
sintomas da dengue,3,BR-PB,Chikungunya,2021-07,2025-07-30 15:36
chikungunya é contagioso,1,BR-PB,Chikungunya,2021-07,2025-07-30 15:36
chikungunya,100,BR-PE,Chikungunya,2021-07,2025-07-30 15:36
chikungunya sintomas,25,BR-PE,Chikungunya,2021-07,2025-07-30 15:36
chicungunha,24,BR-PE,Chikungunya,2021-07,2025-07-30 15:36
dengue,17,BR-PE,Chikungunya,2021-07,2025-07-30 15:36
sintomas da chikungunya,13,BR-PE,Chikungunya,2021-07,2025-07-30 15:36
sintomas de chikungunya,9,BR-PE,Chikungunya,2021-07,2025-07-30 15:36
sintomas dengue,8,BR-PE,Chikungunya,2021-07,2025-07-30 15:36
chikungunya tratamento,5,BR-PE,Chikungunya,2021-07,2025-07-30 15:36
sintomas chicungunha,4,BR-PE,Chikungunya,2021-07,2025-07-30 15:36
sintomas da dengue,4,BR-PE,Chikungunya,2021-07,2025-07-30 15:36
zika sintomas,4,BR-PE,Chikungunya,2021-07,2025-07-30 15:36
remédio para chikungunya,4,BR-PE,Chikungunya,2021-07,2025-07-30 15:36
dengue chikungunya e zika,3,BR-PE,Chikungunya,2021-07,2025-07-30 15:36
chicugunha,3,BR-PE,Chikungunya,2021-07,2025-07-30 15:36
sintomas de dengue,3,BR-PE,Chikungunya,2021-07,2025-07-30 15:36
sintomas da zika,2,BR-PE,Chikungunya,2021-07,2025-07-30 15:36
sintomas dengue zika e chikungunya,2,BR-PE,Chikungunya,2021-07,2025-07-30 15:36
dexametasona,2,BR-PE,Chikungunya,2021-07,2025-07-30 15:36
sintomas de chicungunha,2,BR-PE,Chikungunya,2021-07,2025-07-30 15:36
chikungunya sequelas,2,BR-PE,Chikungunya,2021-07,2025-07-30 15:36
prednisona,2,BR-PE,Chikungunya,2021-07,2025-07-30 15:36
chikungunya é transmissível,2,BR-PE,Chikungunya,2021-07,2025-07-30 15:36
chicungunya,2,BR-PE,Chikungunya,2021-07,2025-07-30 15:36
sintomas da chikungunya e zika,2,BR-PE,Chikungunya,2021-07,2025-07-30 15:36
tratamento para chikungunya,2,BR-PE,Chikungunya,2021-07,2025-07-30 15:36
chikungunya,100,BR-PI,Chikungunya,2021-07,2025-07-30 15:36
chikungunya,100,BR-PR,Chikungunya,2021-07,2025-07-30 15:36
chikungunya,100,BR-RJ,Chikungunya,2021-07,2025-07-30 15:36
chikungunya,100,BR-RN,Chikungunya,2021-07,2025-07-30 15:36
sintomas de chikungunya,16,BR-RN,Chikungunya,2021-07,2025-07-30 15:36
,,BR-RO,Chikungunya,2021-07,2025-07-30 15:36
,,BR-RR,Chikungunya,2021-07,2025-07-30 15:36
chikungunya,100,BR-RS,Chikungunya,2021-07,2025-07-30 15:36
chikungunya,100,BR-SC,Chikungunya,2021-07,2025-07-30 15:36
chikungunya,100,BR-SE,Chikungunya,2021-07,2025-07-30 15:36
sintomas de chikungunya,12,BR-SE,Chikungunya,2021-07,2025-07-30 15:36
sintomas da chikungunya,6,BR-SE,Chikungunya,2021-07,2025-07-30 15:36
chikungunya,100,BR-SP,Chikungunya,2021-07,2025-07-30 15:36
chicungunha,20,BR-SP,Chikungunya,2021-07,2025-07-30 15:36
sintomas chikungunya,20,BR-SP,Chikungunya,2021-07,2025-07-30 15:36
dengue sintomas,7,BR-SP,Chikungunya,2021-07,2025-07-30 15:36
sintomas de chikungunya,6,BR-SP,Chikungunya,2021-07,2025-07-30 15:36
o que é chikungunya,4,BR-SP,Chikungunya,2021-07,2025-07-30 15:36
sintomas da dengue,3,BR-SP,Chikungunya,2021-07,2025-07-30 15:36
chikungunya sequelas,3,BR-SP,Chikungunya,2021-07,2025-07-30 15:36
sintomas de dengue,2,BR-SP,Chikungunya,2021-07,2025-07-30 15:36
chikungunya inchaço,1,BR-SP,Chikungunya,2021-07,2025-07-30 15:36
,,BR-TO,Chikungunya,2021-07,2025-07-30 15:36
chikungunya,100,BR,Chikungunya,2021-07,2025-07-30 15:36
sintomas chikungunya,22,BR,Chikungunya,2021-07,2025-07-30 15:36
chicungunha,21,BR,Chikungunya,2021-07,2025-07-30 15:36
dengue,18,BR,Chikungunya,2021-07,2025-07-30 15:36
zika,12,BR,Chikungunya,2021-07,2025-07-30 15:36
sintomas da chikungunya,10,BR,Chikungunya,2021-07,2025-07-30 15:36
dengue e chikungunya,8,BR,Chikungunya,2021-07,2025-07-30 15:36
zika e chikungunya,8,BR,Chikungunya,2021-07,2025-07-30 15:36
sintomas de chikungunya,8,BR,Chikungunya,2021-07,2025-07-30 15:36
dengue sintomas,7,BR,Chikungunya,2021-07,2025-07-30 15:36
dengue zika e chikungunya,6,BR,Chikungunya,2021-07,2025-07-30 15:36
zika sintomas,5,BR,Chikungunya,2021-07,2025-07-30 15:36
chikungunya tratamento,5,BR,Chikungunya,2021-07,2025-07-30 15:36
sintomas chicungunha,4,BR,Chikungunya,2021-07,2025-07-30 15:36
sintomas da dengue,4,BR,Chikungunya,2021-07,2025-07-30 15:36
o que é chikungunya,3,BR,Chikungunya,2021-07,2025-07-30 15:36
sintomas da zika,3,BR,Chikungunya,2021-07,2025-07-30 15:36
remédio para chikungunya,3,BR,Chikungunya,2021-07,2025-07-30 15:36
sintomas de dengue,3,BR,Chikungunya,2021-07,2025-07-30 15:36
febre chikungunya,3,BR,Chikungunya,2021-07,2025-07-30 15:36
dengue e chikungunya sintomas,3,BR,Chikungunya,2021-07,2025-07-30 15:36
vacina chikungunya,2,BR,Chikungunya,2021-07,2025-07-30 15:36
chicugunha,2,BR,Chikungunya,2021-07,2025-07-30 15:36
exame chikungunya,2,BR,Chikungunya,2021-07,2025-07-30 15:36
sintomas da zika e chikungunya,2,BR,Chikungunya,2021-07,2025-07-30 15:36
,,BR-AC,Influenza/gripe,2021-07,2025-07-30 15:36
gripe,100,BR-AL,Influenza/gripe,2021-07,2025-07-30 15:36
vacina da gripe,36,BR-AL,Influenza/gripe,2021-07,2025-07-30 15:36
influenza,14,BR-AL,Influenza/gripe,2021-07,2025-07-30 15:36
vacina influenza,9,BR-AL,Influenza/gripe,2021-07,2025-07-30 15:36
vacina da gripe em maceió,5,BR-AL,Influenza/gripe,2021-07,2025-07-30 15:36
chá para gripe,4,BR-AL,Influenza/gripe,2021-07,2025-07-30 15:36
sintomas de gripe,4,BR-AL,Influenza/gripe,2021-07,2025-07-30 15:36
sintomas da gripe,4,BR-AL,Influenza/gripe,2021-07,2025-07-30 15:36
vacina gripe maceio,4,BR-AL,Influenza/gripe,2021-07,2025-07-30 15:36
cha para gripe,3,BR-AL,Influenza/gripe,2021-07,2025-07-30 15:36
gripe espanhola,2,BR-AL,Influenza/gripe,2021-07,2025-07-30 15:36
sintomas do covid,2,BR-AL,Influenza/gripe,2021-07,2025-07-30 15:36
o que é bom para gripe,1,BR-AL,Influenza/gripe,2021-07,2025-07-30 15:36
sintomas do covid e da gripe,1,BR-AL,Influenza/gripe,2021-07,2025-07-30 15:36
reações da vacina da gripe,1,BR-AL,Influenza/gripe,2021-07,2025-07-30 15:36
gripe,100,BR-AM,Influenza/gripe,2021-07,2025-07-30 15:36
influenza,39,BR-AM,Influenza/gripe,2021-07,2025-07-30 15:36
vacina influenza,22,BR-AM,Influenza/gripe,2021-07,2025-07-30 15:36
vacina gripe manaus,15,BR-AM,Influenza/gripe,2021-07,2025-07-30 15:36
vacina influenza manaus,10,BR-AM,Influenza/gripe,2021-07,2025-07-30 15:36
vacina da gripe manaus,8,BR-AM,Influenza/gripe,2021-07,2025-07-30 15:36
remedio para gripe,4,BR-AM,Influenza/gripe,2021-07,2025-07-30 15:36
gripe sintomas,4,BR-AM,Influenza/gripe,2021-07,2025-07-30 15:36
vacina influenza 2021 manaus,3,BR-AM,Influenza/gripe,2021-07,2025-07-30 15:36
gripe espanhola,3,BR-AM,Influenza/gripe,2021-07,2025-07-30 15:36
cha para gripe,2,BR-AM,Influenza/gripe,2021-07,2025-07-30 15:36
melhor remedio para gripe,1,BR-AM,Influenza/gripe,2021-07,2025-07-30 15:36
,,BR-AP,Influenza/gripe,2021-07,2025-07-30 15:36
gripe,100,BR-BA,Influenza/gripe,2021-07,2025-07-30 15:36
vacina gripe,41,BR-BA,Influenza/gripe,2021-07,2025-07-30 15:36
vacina da gripe,34,BR-BA,Influenza/gripe,2021-07,2025-07-30 15:36
influenza,13,BR-BA,Influenza/gripe,2021-07,2025-07-30 15:36
vacina de gripe,12,BR-BA,Influenza/gripe,2021-07,2025-07-30 15:36
vacina gripe salvador,10,BR-BA,Influenza/gripe,2021-07,2025-07-30 15:36
vacina influenza,8,BR-BA,Influenza/gripe,2021-07,2025-07-30 15:36
vacina da gripe salvador,7,BR-BA,Influenza/gripe,2021-07,2025-07-30 15:36
remedio gripe,5,BR-BA,Influenza/gripe,2021-07,2025-07-30 15:36
vacina da gripe em salvador,5,BR-BA,Influenza/gripe,2021-07,2025-07-30 15:36
chá para gripe,4,BR-BA,Influenza/gripe,2021-07,2025-07-30 15:36
remédio para gripe,4,BR-BA,Influenza/gripe,2021-07,2025-07-30 15:36
sintomas de gripe,4,BR-BA,Influenza/gripe,2021-07,2025-07-30 15:36
vacina contra gripe,3,BR-BA,Influenza/gripe,2021-07,2025-07-30 15:36
remedio para gripe,3,BR-BA,Influenza/gripe,2021-07,2025-07-30 15:36
vacina da influenza,3,BR-BA,Influenza/gripe,2021-07,2025-07-30 15:36
vacinação da gripe,3,BR-BA,Influenza/gripe,2021-07,2025-07-30 15:36
vacinação gripe salvador,3,BR-BA,Influenza/gripe,2021-07,2025-07-30 15:36
cha para gripe,3,BR-BA,Influenza/gripe,2021-07,2025-07-30 15:36
sintomas da gripe,3,BR-BA,Influenza/gripe,2021-07,2025-07-30 15:36
xarope para gripe,2,BR-BA,Influenza/gripe,2021-07,2025-07-30 15:36
gripe influenza,2,BR-BA,Influenza/gripe,2021-07,2025-07-30 15:36
vacina da gripe da reação,2,BR-BA,Influenza/gripe,2021-07,2025-07-30 15:36
gripe espanhola,2,BR-BA,Influenza/gripe,2021-07,2025-07-30 15:36
vacina da gripe quem pode tomar,2,BR-BA,Influenza/gripe,2021-07,2025-07-30 15:36
gripe,100,BR-CE,Influenza/gripe,2021-07,2025-07-30 15:36
vacina gripe,43,BR-CE,Influenza/gripe,2021-07,2025-07-30 15:36
vacina da gripe,35,BR-CE,Influenza/gripe,2021-07,2025-07-30 15:36
influenza,12,BR-CE,Influenza/gripe,2021-07,2025-07-30 15:36
gripe sintomas,8,BR-CE,Influenza/gripe,2021-07,2025-07-30 15:36
vacina influenza,7,BR-CE,Influenza/gripe,2021-07,2025-07-30 15:36
remédio para gripe,7,BR-CE,Influenza/gripe,2021-07,2025-07-30 15:36
vacina gripe fortaleza,6,BR-CE,Influenza/gripe,2021-07,2025-07-30 15:36
sintomas de gripe,5,BR-CE,Influenza/gripe,2021-07,2025-07-30 15:36
remedio para gripe,4,BR-CE,Influenza/gripe,2021-07,2025-07-30 15:36
reação da vacina da gripe,3,BR-CE,Influenza/gripe,2021-07,2025-07-30 15:36
sintomas covid,2,BR-CE,Influenza/gripe,2021-07,2025-07-30 15:36
sintomas da gripe,2,BR-CE,Influenza/gripe,2021-07,2025-07-30 15:36
gripe espanhola,2,BR-CE,Influenza/gripe,2021-07,2025-07-30 15:36
o que é bom para gripe,2,BR-CE,Influenza/gripe,2021-07,2025-07-30 15:36
cha para gripe,2,BR-CE,Influenza/gripe,2021-07,2025-07-30 15:36
remédio caseiro para gripe,1,BR-CE,Influenza/gripe,2021-07,2025-07-30 15:36
diferença entre gripe e covid,1,BR-CE,Influenza/gripe,2021-07,2025-07-30 15:36
remédio para gripe infantil,1,BR-CE,Influenza/gripe,2021-07,2025-07-30 15:36
reações da vacina da gripe,1,BR-CE,Influenza/gripe,2021-07,2025-07-30 15:36
pode tomar a vacina da gripe gripado,1,BR-CE,Influenza/gripe,2021-07,2025-07-30 15:36
vacina influenza 2021,1,BR-CE,Influenza/gripe,2021-07,2025-07-30 15:36
sintomas do covid,1,BR-CE,Influenza/gripe,2021-07,2025-07-30 15:36
reacao da vacina da gripe,1,BR-CE,Influenza/gripe,2021-07,2025-07-30 15:36
vacina influenza para que serve,0,BR-CE,Influenza/gripe,2021-07,2025-07-30 15:36
gripe,100,BR-DF,Influenza/gripe,2021-07,2025-07-30 15:36
vacina gripe,64,BR-DF,Influenza/gripe,2021-07,2025-07-30 15:36
vacina da gripe,46,BR-DF,Influenza/gripe,2021-07,2025-07-30 15:36
vacina gripe df,28,BR-DF,Influenza/gripe,2021-07,2025-07-30 15:36
vacina da gripe df,17,BR-DF,Influenza/gripe,2021-07,2025-07-30 15:36
influenza,9,BR-DF,Influenza/gripe,2021-07,2025-07-30 15:36
gripe sintomas,6,BR-DF,Influenza/gripe,2021-07,2025-07-30 15:36
vacina influenza,6,BR-DF,Influenza/gripe,2021-07,2025-07-30 15:36
vacina de gripe df,6,BR-DF,Influenza/gripe,2021-07,2025-07-30 15:36
vacina da gripe no df,3,BR-DF,Influenza/gripe,2021-07,2025-07-30 15:36
sintomas covid,3,BR-DF,Influenza/gripe,2021-07,2025-07-30 15:36
remedio para gripe,3,BR-DF,Influenza/gripe,2021-07,2025-07-30 15:36
cha para gripe,2,BR-DF,Influenza/gripe,2021-07,2025-07-30 15:36
vacinação da gripe df,2,BR-DF,Influenza/gripe,2021-07,2025-07-30 15:36
gripe espanhola,2,BR-DF,Influenza/gripe,2021-07,2025-07-30 15:36
vacina gripe df postos,2,BR-DF,Influenza/gripe,2021-07,2025-07-30 15:36
vacina influenza df,2,BR-DF,Influenza/gripe,2021-07,2025-07-30 15:36
reação da vacina da gripe,2,BR-DF,Influenza/gripe,2021-07,2025-07-30 15:36
postos de vacinação gripe df,2,BR-DF,Influenza/gripe,2021-07,2025-07-30 15:36
vacina da gripe df calendário 2021,1,BR-DF,Influenza/gripe,2021-07,2025-07-30 15:36
pode beber depois da vacina da gripe,1,BR-DF,Influenza/gripe,2021-07,2025-07-30 15:36
vacina influenza 2021 df,1,BR-DF,Influenza/gripe,2021-07,2025-07-30 15:36
vacina da gripe e covid intervalo,1,BR-DF,Influenza/gripe,2021-07,2025-07-30 15:36
remedio para gripe infantil,1,BR-DF,Influenza/gripe,2021-07,2025-07-30 15:36
gripe,100,BR-ES,Influenza/gripe,2021-07,2025-07-30 15:36
vacina gripe,68,BR-ES,Influenza/gripe,2021-07,2025-07-30 15:36
vacina da gripe,45,BR-ES,Influenza/gripe,2021-07,2025-07-30 15:36
influenza,34,BR-ES,Influenza/gripe,2021-07,2025-07-30 15:36
influenza vacina,26,BR-ES,Influenza/gripe,2021-07,2025-07-30 15:36
agendamento vacina gripe,21,BR-ES,Influenza/gripe,2021-07,2025-07-30 15:36
vacina de gripe,18,BR-ES,Influenza/gripe,2021-07,2025-07-30 15:36
cariacica,15,BR-ES,Influenza/gripe,2021-07,2025-07-30 15:36
vacina gripe vila velha,15,BR-ES,Influenza/gripe,2021-07,2025-07-30 15:36
serra vacina,15,BR-ES,Influenza/gripe,2021-07,2025-07-30 15:36
agendamento da vacina da gripe,12,BR-ES,Influenza/gripe,2021-07,2025-07-30 15:36
vacina cariacica gripe,10,BR-ES,Influenza/gripe,2021-07,2025-07-30 15:36
agendamento vacina cariacica,6,BR-ES,Influenza/gripe,2021-07,2025-07-30 15:36
agendamento vacina serra,6,BR-ES,Influenza/gripe,2021-07,2025-07-30 15:36
vacina gripe serra es,6,BR-ES,Influenza/gripe,2021-07,2025-07-30 15:36
vacina influenza serra,5,BR-ES,Influenza/gripe,2021-07,2025-07-30 15:36
gripe sintomas,5,BR-ES,Influenza/gripe,2021-07,2025-07-30 15:36
agendamento vacina da gripe vila velha,5,BR-ES,Influenza/gripe,2021-07,2025-07-30 15:36
agendamento vacina serra gripe,4,BR-ES,Influenza/gripe,2021-07,2025-07-30 15:36
agendamento vacina influenza vila velha,4,BR-ES,Influenza/gripe,2021-07,2025-07-30 15:36
vacina gripe vila velha es,4,BR-ES,Influenza/gripe,2021-07,2025-07-30 15:36
vacina influenza cariacica,4,BR-ES,Influenza/gripe,2021-07,2025-07-30 15:36
vacina da gripe em vila velha,4,BR-ES,Influenza/gripe,2021-07,2025-07-30 15:36
vacina influenza 2021,3,BR-ES,Influenza/gripe,2021-07,2025-07-30 15:36
sintomas de gripe,3,BR-ES,Influenza/gripe,2021-07,2025-07-30 15:36
gripe,100,BR-GO,Influenza/gripe,2021-07,2025-07-30 15:36
vacina gripe,38,BR-GO,Influenza/gripe,2021-07,2025-07-30 15:36
vacina da gripe,28,BR-GO,Influenza/gripe,2021-07,2025-07-30 15:36
influenza,12,BR-GO,Influenza/gripe,2021-07,2025-07-30 15:36
gripe sintomas,10,BR-GO,Influenza/gripe,2021-07,2025-07-30 15:36
influenza vacina,7,BR-GO,Influenza/gripe,2021-07,2025-07-30 15:36
remédio para gripe,6,BR-GO,Influenza/gripe,2021-07,2025-07-30 15:36
remedio para gripe,5,BR-GO,Influenza/gripe,2021-07,2025-07-30 15:36
sintomas de gripe,5,BR-GO,Influenza/gripe,2021-07,2025-07-30 15:36
sintomas covid,5,BR-GO,Influenza/gripe,2021-07,2025-07-30 15:36
cha para gripe,5,BR-GO,Influenza/gripe,2021-07,2025-07-30 15:36
chá para gripe,5,BR-GO,Influenza/gripe,2021-07,2025-07-30 15:36
vacina contra gripe,4,BR-GO,Influenza/gripe,2021-07,2025-07-30 15:36
vacina gripe goiania,4,BR-GO,Influenza/gripe,2021-07,2025-07-30 15:36
sintomas da gripe,3,BR-GO,Influenza/gripe,2021-07,2025-07-30 15:36
sintomas de covid,3,BR-GO,Influenza/gripe,2021-07,2025-07-30 15:36
gripe espanhola,2,BR-GO,Influenza/gripe,2021-07,2025-07-30 15:36
sintomas da covid,2,BR-GO,Influenza/gripe,2021-07,2025-07-30 15:36
vacina da gripe da reação,2,BR-GO,Influenza/gripe,2021-07,2025-07-30 15:36
vacina da gripe em goiânia,2,BR-GO,Influenza/gripe,2021-07,2025-07-30 15:36
vacinação gripe goiania,1,BR-GO,Influenza/gripe,2021-07,2025-07-30 15:36
cha pra gripe,1,BR-GO,Influenza/gripe,2021-07,2025-07-30 15:36
remédio caseiro para gripe,1,BR-GO,Influenza/gripe,2021-07,2025-07-30 15:36
chá bom para gripe,1,BR-GO,Influenza/gripe,2021-07,2025-07-30 15:36
vacina influenza 2021,1,BR-GO,Influenza/gripe,2021-07,2025-07-30 15:36
gripe,100,BR-MA,Influenza/gripe,2021-07,2025-07-30 15:36
vacina da gripe,22,BR-MA,Influenza/gripe,2021-07,2025-07-30 15:36
influenza,14,BR-MA,Influenza/gripe,2021-07,2025-07-30 15:36
remédio para gripe,9,BR-MA,Influenza/gripe,2021-07,2025-07-30 15:36
gripe sintomas,9,BR-MA,Influenza/gripe,2021-07,2025-07-30 15:36
vacina influenza,7,BR-MA,Influenza/gripe,2021-07,2025-07-30 15:36
sintomas da gripe,4,BR-MA,Influenza/gripe,2021-07,2025-07-30 15:36
gripe,100,BR-MG,Influenza/gripe,2021-07,2025-07-30 15:36
vacina gripe,38,BR-MG,Influenza/gripe,2021-07,2025-07-30 15:36
vacina da gripe,24,BR-MG,Influenza/gripe,2021-07,2025-07-30 15:36
covid,14,BR-MG,Influenza/gripe,2021-07,2025-07-30 15:36
vacina de gripe,11,BR-MG,Influenza/gripe,2021-07,2025-07-30 15:36
sintomas gripe,8,BR-MG,Influenza/gripe,2021-07,2025-07-30 15:36
vacina covid,7,BR-MG,Influenza/gripe,2021-07,2025-07-30 15:36
influenza,6,BR-MG,Influenza/gripe,2021-07,2025-07-30 15:36
vacina gripe bh,5,BR-MG,Influenza/gripe,2021-07,2025-07-30 15:36
resfriado,4,BR-MG,Influenza/gripe,2021-07,2025-07-30 15:36
sintomas de gripe,4,BR-MG,Influenza/gripe,2021-07,2025-07-30 15:36
cha para gripe,4,BR-MG,Influenza/gripe,2021-07,2025-07-30 15:36
influenza vacina,4,BR-MG,Influenza/gripe,2021-07,2025-07-30 15:36
remedio para gripe,4,BR-MG,Influenza/gripe,2021-07,2025-07-30 15:36
chá para gripe,3,BR-MG,Influenza/gripe,2021-07,2025-07-30 15:36
remédio para gripe,3,BR-MG,Influenza/gripe,2021-07,2025-07-30 15:36
sintomas covid,3,BR-MG,Influenza/gripe,2021-07,2025-07-30 15:36
reação vacina gripe,3,BR-MG,Influenza/gripe,2021-07,2025-07-30 15:36
vacina gripe 2021,3,BR-MG,Influenza/gripe,2021-07,2025-07-30 15:36
gripe espanhola,3,BR-MG,Influenza/gripe,2021-07,2025-07-30 15:36
vacina da gripe bh,2,BR-MG,Influenza/gripe,2021-07,2025-07-30 15:36
reação da vacina da gripe,2,BR-MG,Influenza/gripe,2021-07,2025-07-30 15:36
sintomas da gripe,2,BR-MG,Influenza/gripe,2021-07,2025-07-30 15:36
vacina contra gripe,2,BR-MG,Influenza/gripe,2021-07,2025-07-30 15:36
vacinação gripe bh,2,BR-MG,Influenza/gripe,2021-07,2025-07-30 15:36
gripe,100,BR-MS,Influenza/gripe,2021-07,2025-07-30 15:36
vacina da gripe,28,BR-MS,Influenza/gripe,2021-07,2025-07-30 15:36
vacina gripe campo grande ms,12,BR-MS,Influenza/gripe,2021-07,2025-07-30 15:36
vacina da gripe campo grande ms,7,BR-MS,Influenza/gripe,2021-07,2025-07-30 15:36
vacina influenza,5,BR-MS,Influenza/gripe,2021-07,2025-07-30 15:36
remedio para gripe,5,BR-MS,Influenza/gripe,2021-07,2025-07-30 15:36
cha para gripe,4,BR-MS,Influenza/gripe,2021-07,2025-07-30 15:36
sintomas de gripe,4,BR-MS,Influenza/gripe,2021-07,2025-07-30 15:36
sintomas covid,3,BR-MS,Influenza/gripe,2021-07,2025-07-30 15:36
vacina da gripe em campo grande ms,2,BR-MS,Influenza/gripe,2021-07,2025-07-30 15:36
gripe espanhola,2,BR-MS,Influenza/gripe,2021-07,2025-07-30 15:36
gripe,100,BR-MT,Influenza/gripe,2021-07,2025-07-30 15:36
vacina da gripe,26,BR-MT,Influenza/gripe,2021-07,2025-07-30 15:36
gripe sintomas,10,BR-MT,Influenza/gripe,2021-07,2025-07-30 15:36
influenza,7,BR-MT,Influenza/gripe,2021-07,2025-07-30 15:36
remedio para gripe,5,BR-MT,Influenza/gripe,2021-07,2025-07-30 15:36
sintomas de gripe,5,BR-MT,Influenza/gripe,2021-07,2025-07-30 15:36
vacina influenza,5,BR-MT,Influenza/gripe,2021-07,2025-07-30 15:36
sintomas covid,5,BR-MT,Influenza/gripe,2021-07,2025-07-30 15:36
cha para gripe,4,BR-MT,Influenza/gripe,2021-07,2025-07-30 15:36
remédio caseiro para gripe,3,BR-MT,Influenza/gripe,2021-07,2025-07-30 15:36
vacina gripe cuiaba,3,BR-MT,Influenza/gripe,2021-07,2025-07-30 15:36
sintomas covid e gripe,3,BR-MT,Influenza/gripe,2021-07,2025-07-30 15:36
vacina da gripe cuiaba,2,BR-MT,Influenza/gripe,2021-07,2025-07-30 15:36
vacina da gripe da reação,2,BR-MT,Influenza/gripe,2021-07,2025-07-30 15:36
gripe,100,BR-PA,Influenza/gripe,2021-07,2025-07-30 15:36
vacina gripe,38,BR-PA,Influenza/gripe,2021-07,2025-07-30 15:36
vacina da gripe,30,BR-PA,Influenza/gripe,2021-07,2025-07-30 15:36
influenza,11,BR-PA,Influenza/gripe,2021-07,2025-07-30 15:36
vacina influenza,6,BR-PA,Influenza/gripe,2021-07,2025-07-30 15:36
vacina gripe belem,5,BR-PA,Influenza/gripe,2021-07,2025-07-30 15:36
remedio para gripe,5,BR-PA,Influenza/gripe,2021-07,2025-07-30 15:36
vacina da gripe belem,4,BR-PA,Influenza/gripe,2021-07,2025-07-30 15:36
gripe espanhola,3,BR-PA,Influenza/gripe,2021-07,2025-07-30 15:36
remedio pra gripe,2,BR-PA,Influenza/gripe,2021-07,2025-07-30 15:36
cha para gripe,1,BR-PA,Influenza/gripe,2021-07,2025-07-30 15:36
sintomas do covid,1,BR-PA,Influenza/gripe,2021-07,2025-07-30 15:36
gripe,100,BR-PB,Influenza/gripe,2021-07,2025-07-30 15:36
vacina da gripe,42,BR-PB,Influenza/gripe,2021-07,2025-07-30 15:36
influenza,21,BR-PB,Influenza/gripe,2021-07,2025-07-30 15:36
vacina influenza,13,BR-PB,Influenza/gripe,2021-07,2025-07-30 15:36
gripe sintomas,7,BR-PB,Influenza/gripe,2021-07,2025-07-30 15:36
vacina da influenza,6,BR-PB,Influenza/gripe,2021-07,2025-07-30 15:36
vacina gripe joao pessoa,6,BR-PB,Influenza/gripe,2021-07,2025-07-30 15:36
reação da vacina da gripe,4,BR-PB,Influenza/gripe,2021-07,2025-07-30 15:36
sintomas de gripe,4,BR-PB,Influenza/gripe,2021-07,2025-07-30 15:36
remédio para gripe,3,BR-PB,Influenza/gripe,2021-07,2025-07-30 15:36
vacina gripe campina grande,3,BR-PB,Influenza/gripe,2021-07,2025-07-30 15:36
gripe espanhola,3,BR-PB,Influenza/gripe,2021-07,2025-07-30 15:36
vacina da gripe joao pessoa,2,BR-PB,Influenza/gripe,2021-07,2025-07-30 15:36
sintomas do covid,1,BR-PB,Influenza/gripe,2021-07,2025-07-30 15:36
sintomas do covid 19 gripe,1,BR-PB,Influenza/gripe,2021-07,2025-07-30 15:36
vacina gripe,100,BR-PE,Influenza/gripe,2021-07,2025-07-30 15:36
vacina da gripe,78,BR-PE,Influenza/gripe,2021-07,2025-07-30 15:36
vacina gripe recife,23,BR-PE,Influenza/gripe,2021-07,2025-07-30 15:36
influenza,19,BR-PE,Influenza/gripe,2021-07,2025-07-30 15:36
gripe sintomas,19,BR-PE,Influenza/gripe,2021-07,2025-07-30 15:36
vacina da gripe recife,14,BR-PE,Influenza/gripe,2021-07,2025-07-30 15:36
sintomas de gripe,14,BR-PE,Influenza/gripe,2021-07,2025-07-30 15:36
influenza vacina,11,BR-PE,Influenza/gripe,2021-07,2025-07-30 15:36
remédio para gripe,8,BR-PE,Influenza/gripe,2021-07,2025-07-30 15:36
remedio para gripe,8,BR-PE,Influenza/gripe,2021-07,2025-07-30 15:36
vacinação gripe recife,7,BR-PE,Influenza/gripe,2021-07,2025-07-30 15:36
sintomas de covid,7,BR-PE,Influenza/gripe,2021-07,2025-07-30 15:36
sintomas da gripe,6,BR-PE,Influenza/gripe,2021-07,2025-07-30 15:36
chá para gripe,5,BR-PE,Influenza/gripe,2021-07,2025-07-30 15:36
remedio de gripe,5,BR-PE,Influenza/gripe,2021-07,2025-07-30 15:36
gripe espanhola,5,BR-PE,Influenza/gripe,2021-07,2025-07-30 15:36
reação da vacina da gripe,4,BR-PE,Influenza/gripe,2021-07,2025-07-30 15:36
cha para gripe,4,BR-PE,Influenza/gripe,2021-07,2025-07-30 15:36
reações da vacina da gripe,3,BR-PE,Influenza/gripe,2021-07,2025-07-30 15:36
o que é bom para gripe,3,BR-PE,Influenza/gripe,2021-07,2025-07-30 15:36
vacina da gripe em jaboatão,3,BR-PE,Influenza/gripe,2021-07,2025-07-30 15:36
vacina gripe,100,BR-PI,Influenza/gripe,2021-07,2025-07-30 15:36
vacina da gripe,82,BR-PI,Influenza/gripe,2021-07,2025-07-30 15:36
vacina gripe teresina,26,BR-PI,Influenza/gripe,2021-07,2025-07-30 15:36
influenza,24,BR-PI,Influenza/gripe,2021-07,2025-07-30 15:36
vacina influenza,16,BR-PI,Influenza/gripe,2021-07,2025-07-30 15:36
vacina da gripe em teresina,14,BR-PI,Influenza/gripe,2021-07,2025-07-30 15:36
remédio para gripe,13,BR-PI,Influenza/gripe,2021-07,2025-07-30 15:36
gripe espanhola,3,BR-PI,Influenza/gripe,2021-07,2025-07-30 15:36
gripe,100,BR-PR,Influenza/gripe,2021-07,2025-07-30 15:36
vacina gripe,43,BR-PR,Influenza/gripe,2021-07,2025-07-30 15:36
vacina da gripe,29,BR-PR,Influenza/gripe,2021-07,2025-07-30 15:36
vacina covid,11,BR-PR,Influenza/gripe,2021-07,2025-07-30 15:36
sintomas gripe,7,BR-PR,Influenza/gripe,2021-07,2025-07-30 15:36
vacina gripe curitiba,6,BR-PR,Influenza/gripe,2021-07,2025-07-30 15:36
influenza,6,BR-PR,Influenza/gripe,2021-07,2025-07-30 15:36
vacina da gripe londrina,5,BR-PR,Influenza/gripe,2021-07,2025-07-30 15:36
influenza vacina,4,BR-PR,Influenza/gripe,2021-07,2025-07-30 15:36
cha para gripe,4,BR-PR,Influenza/gripe,2021-07,2025-07-30 15:36
remedio gripe,4,BR-PR,Influenza/gripe,2021-07,2025-07-30 15:36
vacina da gripe curitiba,4,BR-PR,Influenza/gripe,2021-07,2025-07-30 15:36
sintomas de gripe,4,BR-PR,Influenza/gripe,2021-07,2025-07-30 15:36
vacina gripe ponta grossa,3,BR-PR,Influenza/gripe,2021-07,2025-07-30 15:36
chá para gripe,3,BR-PR,Influenza/gripe,2021-07,2025-07-30 15:36
vacina da gripe em curitiba,3,BR-PR,Influenza/gripe,2021-07,2025-07-30 15:36
sintomas covid,3,BR-PR,Influenza/gripe,2021-07,2025-07-30 15:36
remedio para gripe,3,BR-PR,Influenza/gripe,2021-07,2025-07-30 15:36
agendamento vacina londrina,3,BR-PR,Influenza/gripe,2021-07,2025-07-30 15:36
remédio para gripe,3,BR-PR,Influenza/gripe,2021-07,2025-07-30 15:36
cadastro vacina londrina,3,BR-PR,Influenza/gripe,2021-07,2025-07-30 15:36
reação vacina gripe,3,BR-PR,Influenza/gripe,2021-07,2025-07-30 15:36
reação vacina da gripe,2,BR-PR,Influenza/gripe,2021-07,2025-07-30 15:36
vacina da gripe da reação,2,BR-PR,Influenza/gripe,2021-07,2025-07-30 15:36
vacinação da gripe,2,BR-PR,Influenza/gripe,2021-07,2025-07-30 15:36
gripe,100,BR-RJ,Influenza/gripe,2021-07,2025-07-30 15:36
vacina gripe,52,BR-RJ,Influenza/gripe,2021-07,2025-07-30 15:36
vacina da gripe,35,BR-RJ,Influenza/gripe,2021-07,2025-07-30 15:36
vacina gripe rj,15,BR-RJ,Influenza/gripe,2021-07,2025-07-30 15:36
vacina da gripe rj,10,BR-RJ,Influenza/gripe,2021-07,2025-07-30 15:36
vacina gripe 2021,8,BR-RJ,Influenza/gripe,2021-07,2025-07-30 15:36
influenza,6,BR-RJ,Influenza/gripe,2021-07,2025-07-30 15:36
vacinação rj,6,BR-RJ,Influenza/gripe,2021-07,2025-07-30 15:36
vacina da gripe 2021,6,BR-RJ,Influenza/gripe,2021-07,2025-07-30 15:36
vacinação gripe rj,6,BR-RJ,Influenza/gripe,2021-07,2025-07-30 15:36
vacinação da gripe,6,BR-RJ,Influenza/gripe,2021-07,2025-07-30 15:36
calendário da gripe,6,BR-RJ,Influenza/gripe,2021-07,2025-07-30 15:36
gripe sintomas,5,BR-RJ,Influenza/gripe,2021-07,2025-07-30 15:36
resfriado,5,BR-RJ,Influenza/gripe,2021-07,2025-07-30 15:36
vacina gripe rj 2021,4,BR-RJ,Influenza/gripe,2021-07,2025-07-30 15:36
calendário vacina da gripe,4,BR-RJ,Influenza/gripe,2021-07,2025-07-30 15:36
calendário da vacina da gripe,4,BR-RJ,Influenza/gripe,2021-07,2025-07-30 15:36
vacina influenza,4,BR-RJ,Influenza/gripe,2021-07,2025-07-30 15:36
calendário gripe 2021,4,BR-RJ,Influenza/gripe,2021-07,2025-07-30 15:36
vacina da gripe 2021 rj,3,BR-RJ,Influenza/gripe,2021-07,2025-07-30 15:36
calendário vacina gripe 2021,3,BR-RJ,Influenza/gripe,2021-07,2025-07-30 15:36
remedio para gripe,3,BR-RJ,Influenza/gripe,2021-07,2025-07-30 15:36
vacina de gripe rj,3,BR-RJ,Influenza/gripe,2021-07,2025-07-30 15:36
calendário vacina gripe rj,3,BR-RJ,Influenza/gripe,2021-07,2025-07-30 15:36
gripe espanhola,3,BR-RJ,Influenza/gripe,2021-07,2025-07-30 15:36
gripe,100,BR-RN,Influenza/gripe,2021-07,2025-07-30 15:36
vacina da gripe,40,BR-RN,Influenza/gripe,2021-07,2025-07-30 15:36
influenza,27,BR-RN,Influenza/gripe,2021-07,2025-07-30 15:36
vacina influenza,18,BR-RN,Influenza/gripe,2021-07,2025-07-30 15:36
vacina gripe natal,10,BR-RN,Influenza/gripe,2021-07,2025-07-30 15:36
vacina da influenza,9,BR-RN,Influenza/gripe,2021-07,2025-07-30 15:36
vacina da gripe em natal,6,BR-RN,Influenza/gripe,2021-07,2025-07-30 15:36
gripe sintomas,5,BR-RN,Influenza/gripe,2021-07,2025-07-30 15:36
vacina influenza natal rn,3,BR-RN,Influenza/gripe,2021-07,2025-07-30 15:36
sintomas de gripe,3,BR-RN,Influenza/gripe,2021-07,2025-07-30 15:36
gripe espanhola,2,BR-RN,Influenza/gripe,2021-07,2025-07-30 15:36
vacina influenza 2021 natal rn,1,BR-RN,Influenza/gripe,2021-07,2025-07-30 15:36
sintomas do covid,1,BR-RN,Influenza/gripe,2021-07,2025-07-30 15:36
gripe,100,BR-RO,Influenza/gripe,2021-07,2025-07-30 15:36
,,BR-RR,Influenza/gripe,2021-07,2025-07-30 15:36
gripe,100,BR-RS,Influenza/gripe,2021-07,2025-07-30 15:36
vacina gripe,41,BR-RS,Influenza/gripe,2021-07,2025-07-30 15:36
vacina da gripe,31,BR-RS,Influenza/gripe,2021-07,2025-07-30 15:36
vacina gripe porto alegre,8,BR-RS,Influenza/gripe,2021-07,2025-07-30 15:36
sintomas gripe,7,BR-RS,Influenza/gripe,2021-07,2025-07-30 15:36
vacina da gripe porto alegre,6,BR-RS,Influenza/gripe,2021-07,2025-07-30 15:36
influenza,5,BR-RS,Influenza/gripe,2021-07,2025-07-30 15:36
chá para gripe,4,BR-RS,Influenza/gripe,2021-07,2025-07-30 15:36
cha para gripe,4,BR-RS,Influenza/gripe,2021-07,2025-07-30 15:36
resfriado,4,BR-RS,Influenza/gripe,2021-07,2025-07-30 15:36
gripe espanhola,4,BR-RS,Influenza/gripe,2021-07,2025-07-30 15:36
sintomas de gripe,4,BR-RS,Influenza/gripe,2021-07,2025-07-30 15:36
vacina influenza,3,BR-RS,Influenza/gripe,2021-07,2025-07-30 15:36
remedio para gripe,3,BR-RS,Influenza/gripe,2021-07,2025-07-30 15:36
vacina da gripe 2021,3,BR-RS,Influenza/gripe,2021-07,2025-07-30 15:36
sintomas da gripe,2,BR-RS,Influenza/gripe,2021-07,2025-07-30 15:36
reação vacina gripe,2,BR-RS,Influenza/gripe,2021-07,2025-07-30 15:36
vacina da gripe da reação,1,BR-RS,Influenza/gripe,2021-07,2025-07-30 15:36
vacina da gripe em porto alegre,1,BR-RS,Influenza/gripe,2021-07,2025-07-30 15:36
vacinação gripe porto alegre,1,BR-RS,Influenza/gripe,2021-07,2025-07-30 15:36
chá bom para gripe,1,BR-RS,Influenza/gripe,2021-07,2025-07-30 15:36
remedio para gripe infantil,1,BR-RS,Influenza/gripe,2021-07,2025-07-30 15:36
remédio para gripe infantil,1,BR-RS,Influenza/gripe,2021-07,2025-07-30 15:36
influenza h1n1,1,BR-RS,Influenza/gripe,2021-07,2025-07-30 15:36
o que é bom para gripe,1,BR-RS,Influenza/gripe,2021-07,2025-07-30 15:36
gripe,100,BR-SC,Influenza/gripe,2021-07,2025-07-30 15:37
vacina gripe,40,BR-SC,Influenza/gripe,2021-07,2025-07-30 15:37
vacina da gripe,27,BR-SC,Influenza/gripe,2021-07,2025-07-30 15:37
sintomas gripe,8,BR-SC,Influenza/gripe,2021-07,2025-07-30 15:37
influenza,8,BR-SC,Influenza/gripe,2021-07,2025-07-30 15:37
cha para gripe,8,BR-SC,Influenza/gripe,2021-07,2025-07-30 15:37
chá para gripe,5,BR-SC,Influenza/gripe,2021-07,2025-07-30 15:37
remedio para gripe,4,BR-SC,Influenza/gripe,2021-07,2025-07-30 15:37
sintomas de gripe,4,BR-SC,Influenza/gripe,2021-07,2025-07-30 15:37
vacina influenza,4,BR-SC,Influenza/gripe,2021-07,2025-07-30 15:37
vacina gripe blumenau,4,BR-SC,Influenza/gripe,2021-07,2025-07-30 15:37
gripe espanhola,4,BR-SC,Influenza/gripe,2021-07,2025-07-30 15:37
remédio para gripe,3,BR-SC,Influenza/gripe,2021-07,2025-07-30 15:37
sintomas covid,3,BR-SC,Influenza/gripe,2021-07,2025-07-30 15:37
vacina gripe joinville,2,BR-SC,Influenza/gripe,2021-07,2025-07-30 15:37
vacina gripe florianopolis,2,BR-SC,Influenza/gripe,2021-07,2025-07-30 15:37
vacina da gripe blumenau,2,BR-SC,Influenza/gripe,2021-07,2025-07-30 15:37
vacina h1n1,2,BR-SC,Influenza/gripe,2021-07,2025-07-30 15:37
reação da vacina da gripe,2,BR-SC,Influenza/gripe,2021-07,2025-07-30 15:37
remedio pra gripe,1,BR-SC,Influenza/gripe,2021-07,2025-07-30 15:37
chá bom para gripe,1,BR-SC,Influenza/gripe,2021-07,2025-07-30 15:37
vacina da gripe em florianópolis,1,BR-SC,Influenza/gripe,2021-07,2025-07-30 15:37
cha pra gripe,1,BR-SC,Influenza/gripe,2021-07,2025-07-30 15:37
agendamento vacina gripe blumenau,1,BR-SC,Influenza/gripe,2021-07,2025-07-30 15:37
chá caseiro para gripe,1,BR-SC,Influenza/gripe,2021-07,2025-07-30 15:37
gripe,100,BR-SE,Influenza/gripe,2021-07,2025-07-30 15:37
vacina gripe,43,BR-SE,Influenza/gripe,2021-07,2025-07-30 15:37
vacina da gripe,35,BR-SE,Influenza/gripe,2021-07,2025-07-30 15:37
influenza,16,BR-SE,Influenza/gripe,2021-07,2025-07-30 15:37
vacina gripe aracaju,11,BR-SE,Influenza/gripe,2021-07,2025-07-30 15:37
vacina da gripe em aracaju,6,BR-SE,Influenza/gripe,2021-07,2025-07-30 15:37
remedio para gripe,4,BR-SE,Influenza/gripe,2021-07,2025-07-30 15:37
reação da vacina da gripe,3,BR-SE,Influenza/gripe,2021-07,2025-07-30 15:37
sintomas da gripe,3,BR-SE,Influenza/gripe,2021-07,2025-07-30 15:37
gripe,100,BR-SP,Influenza/gripe,2021-07,2025-07-30 15:37
vacina gripe,53,BR-SP,Influenza/gripe,2021-07,2025-07-30 15:37
vacina da gripe,39,BR-SP,Influenza/gripe,2021-07,2025-07-30 15:37
vacina de gripe,11,BR-SP,Influenza/gripe,2021-07,2025-07-30 15:37
vacina gripe covid,9,BR-SP,Influenza/gripe,2021-07,2025-07-30 15:37
vacina gripe sp,7,BR-SP,Influenza/gripe,2021-07,2025-07-30 15:37
influenza,7,BR-SP,Influenza/gripe,2021-07,2025-07-30 15:37
vacinação gripe,6,BR-SP,Influenza/gripe,2021-07,2025-07-30 15:37
sintomas gripe,6,BR-SP,Influenza/gripe,2021-07,2025-07-30 15:37
vacina gripe 2021,6,BR-SP,Influenza/gripe,2021-07,2025-07-30 15:37
influenza vacina,5,BR-SP,Influenza/gripe,2021-07,2025-07-30 15:37
vacina da gripe sp,5,BR-SP,Influenza/gripe,2021-07,2025-07-30 15:37
vacina para gripe,5,BR-SP,Influenza/gripe,2021-07,2025-07-30 15:37
gripe remedio,4,BR-SP,Influenza/gripe,2021-07,2025-07-30 15:37
resfriado,4,BR-SP,Influenza/gripe,2021-07,2025-07-30 15:37
vacina da gripe 2021,3,BR-SP,Influenza/gripe,2021-07,2025-07-30 15:37
sintomas de gripe,3,BR-SP,Influenza/gripe,2021-07,2025-07-30 15:37
vacinação da gripe,3,BR-SP,Influenza/gripe,2021-07,2025-07-30 15:37
remedio para gripe,3,BR-SP,Influenza/gripe,2021-07,2025-07-30 15:37
remédio para gripe,3,BR-SP,Influenza/gripe,2021-07,2025-07-30 15:37
covid sintomas,3,BR-SP,Influenza/gripe,2021-07,2025-07-30 15:37
reação vacina gripe,3,BR-SP,Influenza/gripe,2021-07,2025-07-30 15:37
chá para gripe,3,BR-SP,Influenza/gripe,2021-07,2025-07-30 15:37
vacina da gripe quem pode tomar,2,BR-SP,Influenza/gripe,2021-07,2025-07-30 15:37
gripe espanhola,2,BR-SP,Influenza/gripe,2021-07,2025-07-30 15:37
vacina da gripe,100,BR-TO,Influenza/gripe,2021-07,2025-07-30 15:37
gripe,100,BR,Influenza/gripe,2021-07,2025-07-30 15:37
vacina gripe,48,BR,Influenza/gripe,2021-07,2025-07-30 15:37
vacina da gripe,33,BR,Influenza/gripe,2021-07,2025-07-30 15:37
vacina de gripe,11,BR,Influenza/gripe,2021-07,2025-07-30 15:37
influenza,9,BR,Influenza/gripe,2021-07,2025-07-30 15:37
vacina gripe covid,8,BR,Influenza/gripe,2021-07,2025-07-30 15:37
sintomas gripe,6,BR,Influenza/gripe,2021-07,2025-07-30 15:37
vacinação gripe,6,BR,Influenza/gripe,2021-07,2025-07-30 15:37
influenza vacina,6,BR,Influenza/gripe,2021-07,2025-07-30 15:37
remedio gripe,5,BR,Influenza/gripe,2021-07,2025-07-30 15:37
vacina gripe 2021,4,BR,Influenza/gripe,2021-07,2025-07-30 15:37
sintomas de gripe,3,BR,Influenza/gripe,2021-07,2025-07-30 15:37
resfriado,3,BR,Influenza/gripe,2021-07,2025-07-30 15:37
remedio para gripe,3,BR,Influenza/gripe,2021-07,2025-07-30 15:37
remédio para gripe,3,BR,Influenza/gripe,2021-07,2025-07-30 15:37
vacinação da gripe,3,BR,Influenza/gripe,2021-07,2025-07-30 15:37
covid sintomas,2,BR,Influenza/gripe,2021-07,2025-07-30 15:37
chá para gripe,2,BR,Influenza/gripe,2021-07,2025-07-30 15:37
vacina da gripe 2021,2,BR,Influenza/gripe,2021-07,2025-07-30 15:37
cha para gripe,2,BR,Influenza/gripe,2021-07,2025-07-30 15:37
gripe espanhola,2,BR,Influenza/gripe,2021-07,2025-07-30 15:37
vacina gripe sp,2,BR,Influenza/gripe,2021-07,2025-07-30 15:37
vacina contra gripe,2,BR,Influenza/gripe,2021-07,2025-07-30 15:37
reação vacina gripe,2,BR,Influenza/gripe,2021-07,2025-07-30 15:37
o que é gripe,2,BR,Influenza/gripe,2021-07,2025-07-30 15:37
covid brasil,100,BR-AC,COVID-19,2021-07,2025-07-30 15:37
covid sintomas,63,BR-AC,COVID-19,2021-07,2025-07-30 15:37
sintomas do covid,37,BR-AC,COVID-19,2021-07,2025-07-30 15:37
vacinação covid rio branco,36,BR-AC,COVID-19,2021-07,2025-07-30 15:37
covid 19 acre,25,BR-AC,COVID-19,2021-07,2025-07-30 15:37
vacina pfizer,24,BR-AC,COVID-19,2021-07,2025-07-30 15:37
vacinação covid brasil,14,BR-AC,COVID-19,2021-07,2025-07-30 15:37
boletim covid acre,14,BR-AC,COVID-19,2021-07,2025-07-30 15:37
variante delta,5,BR-AC,COVID-19,2021-07,2025-07-30 15:37
vacina covid,100,BR-AL,COVID-19,2021-07,2025-07-30 15:37
alagoas covid,44,BR-AL,COVID-19,2021-07,2025-07-30 15:37
sintomas covid,41,BR-AL,COVID-19,2021-07,2025-07-30 15:37
covid maceio,40,BR-AL,COVID-19,2021-07,2025-07-30 15:37
covid brasil,35,BR-AL,COVID-19,2021-07,2025-07-30 15:37
covid 19,34,BR-AL,COVID-19,2021-07,2025-07-30 15:37
vacinação covid,34,BR-AL,COVID-19,2021-07,2025-07-30 15:37
sintomas do covid,24,BR-AL,COVID-19,2021-07,2025-07-30 15:37
vacina covid maceio,20,BR-AL,COVID-19,2021-07,2025-07-30 15:37
covid em alagoas,16,BR-AL,COVID-19,2021-07,2025-07-30 15:37
covid no brasil,13,BR-AL,COVID-19,2021-07,2025-07-30 15:37
sintomas de covid,12,BR-AL,COVID-19,2021-07,2025-07-30 15:37
vacina maceió covid,12,BR-AL,COVID-19,2021-07,2025-07-30 15:37
vacinas covid,11,BR-AL,COVID-19,2021-07,2025-07-30 15:37
cpi da covid,10,BR-AL,COVID-19,2021-07,2025-07-30 15:37
mortes covid brasil,10,BR-AL,COVID-19,2021-07,2025-07-30 15:37
vacinação covid maceio,10,BR-AL,COVID-19,2021-07,2025-07-30 15:37
teste de covid,8,BR-AL,COVID-19,2021-07,2025-07-30 15:37
sintomas da covid,8,BR-AL,COVID-19,2021-07,2025-07-30 15:37
covid 19 alagoas,7,BR-AL,COVID-19,2021-07,2025-07-30 15:37
covid alagoas hoje,6,BR-AL,COVID-19,2021-07,2025-07-30 15:37
vacina covid brasil,6,BR-AL,COVID-19,2021-07,2025-07-30 15:37
sintomas covid 19,5,BR-AL,COVID-19,2021-07,2025-07-30 15:37
covid brasil hoje,5,BR-AL,COVID-19,2021-07,2025-07-30 15:37
astrazeneca,4,BR-AL,COVID-19,2021-07,2025-07-30 15:37
covid manaus,100,BR-AM,COVID-19,2021-07,2025-07-30 15:37
vacina covid,94,BR-AM,COVID-19,2021-07,2025-07-30 15:37
vacinação manaus covid,42,BR-AM,COVID-19,2021-07,2025-07-30 15:37
covid em manaus,37,BR-AM,COVID-19,2021-07,2025-07-30 15:37
vacina manaus covid,35,BR-AM,COVID-19,2021-07,2025-07-30 15:37
covid 19,31,BR-AM,COVID-19,2021-07,2025-07-30 15:37
covid brasil,21,BR-AM,COVID-19,2021-07,2025-07-30 15:37
sintomas covid,18,BR-AM,COVID-19,2021-07,2025-07-30 15:37
covid manaus hoje,16,BR-AM,COVID-19,2021-07,2025-07-30 15:37
amazonas covid,13,BR-AM,COVID-19,2021-07,2025-07-30 15:37
vacinas covid,13,BR-AM,COVID-19,2021-07,2025-07-30 15:37
mortes covid,11,BR-AM,COVID-19,2021-07,2025-07-30 15:37
posto de vacinação,10,BR-AM,COVID-19,2021-07,2025-07-30 15:37
covid no brasil,10,BR-AM,COVID-19,2021-07,2025-07-30 15:37
posto de vacinação manaus,10,BR-AM,COVID-19,2021-07,2025-07-30 15:37
posto de vacinação manaus covid,9,BR-AM,COVID-19,2021-07,2025-07-30 15:37
cpi covid,9,BR-AM,COVID-19,2021-07,2025-07-30 15:37
postos de vacinação covid manaus,9,BR-AM,COVID-19,2021-07,2025-07-30 15:37
vacinação covid manaus hoje,7,BR-AM,COVID-19,2021-07,2025-07-30 15:37
covid-19 manaus,7,BR-AM,COVID-19,2021-07,2025-07-30 15:37
teste de covid,7,BR-AM,COVID-19,2021-07,2025-07-30 15:37
cpi da covid,7,BR-AM,COVID-19,2021-07,2025-07-30 15:37
pfizer,6,BR-AM,COVID-19,2021-07,2025-07-30 15:37
sintomas de covid,6,BR-AM,COVID-19,2021-07,2025-07-30 15:37
mortes covid brasil,5,BR-AM,COVID-19,2021-07,2025-07-30 15:37
vacina covid,100,BR-AP,COVID-19,2021-07,2025-07-30 15:37
covid brasil,22,BR-AP,COVID-19,2021-07,2025-07-30 15:37
vacinação macapá,19,BR-AP,COVID-19,2021-07,2025-07-30 15:37
vacina covid macapá,18,BR-AP,COVID-19,2021-07,2025-07-30 15:37
sintomas covid,17,BR-AP,COVID-19,2021-07,2025-07-30 15:37
vacinação covid macapá,17,BR-AP,COVID-19,2021-07,2025-07-30 15:37
sintomas do covid,10,BR-AP,COVID-19,2021-07,2025-07-30 15:37
prefeitura de macapá vacinação,6,BR-AP,COVID-19,2021-07,2025-07-30 15:37
vacina covid brasil,4,BR-AP,COVID-19,2021-07,2025-07-30 15:37
cpi da covid,4,BR-AP,COVID-19,2021-07,2025-07-30 15:37
mortes covid brasil,3,BR-AP,COVID-19,2021-07,2025-07-30 15:37
vacina,100,BR-BA,COVID-19,2021-07,2025-07-30 15:37
covid vacina,99,BR-BA,COVID-19,2021-07,2025-07-30 15:37
covid salvador,68,BR-BA,COVID-19,2021-07,2025-07-30 15:37
vacinação,41,BR-BA,COVID-19,2021-07,2025-07-30 15:37
vacinação covid,38,BR-BA,COVID-19,2021-07,2025-07-30 15:37
vacina da covid,32,BR-BA,COVID-19,2021-07,2025-07-30 15:37
vacina salvador covid,31,BR-BA,COVID-19,2021-07,2025-07-30 15:37
covid 19,29,BR-BA,COVID-19,2021-07,2025-07-30 15:37
brasil covid,29,BR-BA,COVID-19,2021-07,2025-07-30 15:37
covid brasil,29,BR-BA,COVID-19,2021-07,2025-07-30 15:37
covid sintomas,26,BR-BA,COVID-19,2021-07,2025-07-30 15:37
bahia covid,23,BR-BA,COVID-19,2021-07,2025-07-30 15:37
vacinação salvador covid,21,BR-BA,COVID-19,2021-07,2025-07-30 15:37
covid em salvador,19,BR-BA,COVID-19,2021-07,2025-07-30 15:37
vacina do covid,14,BR-BA,COVID-19,2021-07,2025-07-30 15:37
teste covid,14,BR-BA,COVID-19,2021-07,2025-07-30 15:37
sintomas do covid,13,BR-BA,COVID-19,2021-07,2025-07-30 15:37
mortes covid,12,BR-BA,COVID-19,2021-07,2025-07-30 15:37
covid no brasil,11,BR-BA,COVID-19,2021-07,2025-07-30 15:37
vacina em salvador,11,BR-BA,COVID-19,2021-07,2025-07-30 15:37
vacinas covid,11,BR-BA,COVID-19,2021-07,2025-07-30 15:37
vacina em salvador covid,10,BR-BA,COVID-19,2021-07,2025-07-30 15:37
filometro covid,8,BR-BA,COVID-19,2021-07,2025-07-30 15:37
vacinação covid em salvador,7,BR-BA,COVID-19,2021-07,2025-07-30 15:37
sintomas de covid,7,BR-BA,COVID-19,2021-07,2025-07-30 15:37
vacinação covid,100,BR-CE,COVID-19,2021-07,2025-07-30 15:37
vacinação,99,BR-CE,COVID-19,2021-07,2025-07-30 15:37
covid vacina,95,BR-CE,COVID-19,2021-07,2025-07-30 15:37
vacina,94,BR-CE,COVID-19,2021-07,2025-07-30 15:37
covid fortaleza,78,BR-CE,COVID-19,2021-07,2025-07-30 15:37
vacinação fortaleza covid,51,BR-CE,COVID-19,2021-07,2025-07-30 15:37
cadastro covid,32,BR-CE,COVID-19,2021-07,2025-07-30 15:37
vacina covid fortaleza,28,BR-CE,COVID-19,2021-07,2025-07-30 15:37
lista covid,22,BR-CE,COVID-19,2021-07,2025-07-30 15:37
cadastro vacina,22,BR-CE,COVID-19,2021-07,2025-07-30 15:37
cadastro vacina covid,21,BR-CE,COVID-19,2021-07,2025-07-30 15:37
lista covid fortaleza,15,BR-CE,COVID-19,2021-07,2025-07-30 15:37
lista vacinação covid,14,BR-CE,COVID-19,2021-07,2025-07-30 15:37
covid brasil,14,BR-CE,COVID-19,2021-07,2025-07-30 15:37
covid ceara,12,BR-CE,COVID-19,2021-07,2025-07-30 15:37
lista vacinação fortaleza covid,11,BR-CE,COVID-19,2021-07,2025-07-30 15:37
vacina do covid,11,BR-CE,COVID-19,2021-07,2025-07-30 15:37
covid 19,11,BR-CE,COVID-19,2021-07,2025-07-30 15:37
sintomas covid,10,BR-CE,COVID-19,2021-07,2025-07-30 15:37
lista de vacinação covid,10,BR-CE,COVID-19,2021-07,2025-07-30 15:37
vacinação covid cadastro,10,BR-CE,COVID-19,2021-07,2025-07-30 15:37
lista vacina covid,10,BR-CE,COVID-19,2021-07,2025-07-30 15:37
resultado covid,9,BR-CE,COVID-19,2021-07,2025-07-30 15:37
agendamento covid,9,BR-CE,COVID-19,2021-07,2025-07-30 15:37
teste covid,8,BR-CE,COVID-19,2021-07,2025-07-30 15:37
vacina covid,100,BR-DF,COVID-19,2021-07,2025-07-30 15:37
covid df,96,BR-DF,COVID-19,2021-07,2025-07-30 15:37
df covid,96,BR-DF,COVID-19,2021-07,2025-07-30 15:37
vacina df covid,59,BR-DF,COVID-19,2021-07,2025-07-30 15:37
agendamento covid,35,BR-DF,COVID-19,2021-07,2025-07-30 15:37
agendamento vacina covid,32,BR-DF,COVID-19,2021-07,2025-07-30 15:37
agendamento covid df,27,BR-DF,COVID-19,2021-07,2025-07-30 15:37
vacinação covid,26,BR-DF,COVID-19,2021-07,2025-07-30 15:37
agendamento vacina covid df,26,BR-DF,COVID-19,2021-07,2025-07-30 15:37
vacinação df covid,19,BR-DF,COVID-19,2021-07,2025-07-30 15:37
covid no df,15,BR-DF,COVID-19,2021-07,2025-07-30 15:37
agendar vacina covid,15,BR-DF,COVID-19,2021-07,2025-07-30 15:37
brasil covid,14,BR-DF,COVID-19,2021-07,2025-07-30 15:37
agendar vacina covid df,13,BR-DF,COVID-19,2021-07,2025-07-30 15:37
covid 19,12,BR-DF,COVID-19,2021-07,2025-07-30 15:37
covid sintomas,10,BR-DF,COVID-19,2021-07,2025-07-30 15:37
teste covid,9,BR-DF,COVID-19,2021-07,2025-07-30 15:37
vacina covid no df,9,BR-DF,COVID-19,2021-07,2025-07-30 15:37
covid brasilia,8,BR-DF,COVID-19,2021-07,2025-07-30 15:37
mortes covid,6,BR-DF,COVID-19,2021-07,2025-07-30 15:37
vacinacao covid,6,BR-DF,COVID-19,2021-07,2025-07-30 15:37
vacinas covid,6,BR-DF,COVID-19,2021-07,2025-07-30 15:37
agendamento da vacina covid,6,BR-DF,COVID-19,2021-07,2025-07-30 15:37
agendamento da vacina da covid,6,BR-DF,COVID-19,2021-07,2025-07-30 15:37
exame covid,5,BR-DF,COVID-19,2021-07,2025-07-30 15:37
vacina,100,BR-ES,COVID-19,2021-07,2025-07-30 15:37
vacina covid,95,BR-ES,COVID-19,2021-07,2025-07-30 15:37
agendamento covid,48,BR-ES,COVID-19,2021-07,2025-07-30 15:37
covid es,36,BR-ES,COVID-19,2021-07,2025-07-30 15:37
vacina covid agendamento,34,BR-ES,COVID-19,2021-07,2025-07-30 15:37
vacina es,22,BR-ES,COVID-19,2021-07,2025-07-30 15:37
vacina covid es,22,BR-ES,COVID-19,2021-07,2025-07-30 15:37
vacina covid vila velha,21,BR-ES,COVID-19,2021-07,2025-07-30 15:37
vacina covid serra,17,BR-ES,COVID-19,2021-07,2025-07-30 15:37
agendamento covid vila velha,17,BR-ES,COVID-19,2021-07,2025-07-30 15:37
vacinação covid,15,BR-ES,COVID-19,2021-07,2025-07-30 15:37
agendamento vila velha vacina,15,BR-ES,COVID-19,2021-07,2025-07-30 15:37
vacina vila velha agendamento covid,14,BR-ES,COVID-19,2021-07,2025-07-30 15:37
vacina covid vitoria,14,BR-ES,COVID-19,2021-07,2025-07-30 15:37
covid 19,14,BR-ES,COVID-19,2021-07,2025-07-30 15:37
brasil covid,13,BR-ES,COVID-19,2021-07,2025-07-30 15:37
vacina cariacica covid,12,BR-ES,COVID-19,2021-07,2025-07-30 15:37
agendamento covid vitoria,10,BR-ES,COVID-19,2021-07,2025-07-30 15:37
agendamento covid serra,10,BR-ES,COVID-19,2021-07,2025-07-30 15:37
covid sintomas,10,BR-ES,COVID-19,2021-07,2025-07-30 15:37
vacina do covid,9,BR-ES,COVID-19,2021-07,2025-07-30 15:37
agendamento vitoria vacina covid,9,BR-ES,COVID-19,2021-07,2025-07-30 15:37
agendamento vacina serra covid,9,BR-ES,COVID-19,2021-07,2025-07-30 15:37
vacina covid vitoria agendamento,9,BR-ES,COVID-19,2021-07,2025-07-30 15:37
vacina serra es covid,8,BR-ES,COVID-19,2021-07,2025-07-30 15:37
vacina,100,BR-GO,COVID-19,2021-07,2025-07-30 15:37
vacina covid,95,BR-GO,COVID-19,2021-07,2025-07-30 15:37
covid goiania,62,BR-GO,COVID-19,2021-07,2025-07-30 15:37
sintomas covid,36,BR-GO,COVID-19,2021-07,2025-07-30 15:37
teste covid,29,BR-GO,COVID-19,2021-07,2025-07-30 15:37
vacinação,29,BR-GO,COVID-19,2021-07,2025-07-30 15:37
vacinação covid,27,BR-GO,COVID-19,2021-07,2025-07-30 15:37
brasil covid,25,BR-GO,COVID-19,2021-07,2025-07-30 15:37
covid 19,23,BR-GO,COVID-19,2021-07,2025-07-30 15:37
vacina goiania,20,BR-GO,COVID-19,2021-07,2025-07-30 15:37
vacina goiania covid,20,BR-GO,COVID-19,2021-07,2025-07-30 15:37
teste de covid,15,BR-GO,COVID-19,2021-07,2025-07-30 15:37
covid goias,14,BR-GO,COVID-19,2021-07,2025-07-30 15:37
teste covid goiania,12,BR-GO,COVID-19,2021-07,2025-07-30 15:37
exame covid,12,BR-GO,COVID-19,2021-07,2025-07-30 15:37
covid aparecida de goiania,12,BR-GO,COVID-19,2021-07,2025-07-30 15:37
covid em goiania,12,BR-GO,COVID-19,2021-07,2025-07-30 15:37
mortes covid,12,BR-GO,COVID-19,2021-07,2025-07-30 15:37
agendamento vacina,11,BR-GO,COVID-19,2021-07,2025-07-30 15:37
sintomas de covid,11,BR-GO,COVID-19,2021-07,2025-07-30 15:37
agendamento vacina covid,11,BR-GO,COVID-19,2021-07,2025-07-30 15:37
vacinas covid,10,BR-GO,COVID-19,2021-07,2025-07-30 15:37
vacinação goiania covid,10,BR-GO,COVID-19,2021-07,2025-07-30 15:37
covid no brasil,10,BR-GO,COVID-19,2021-07,2025-07-30 15:37
covid goiás,8,BR-GO,COVID-19,2021-07,2025-07-30 15:37
vacina covid,100,BR-MA,COVID-19,2021-07,2025-07-30 15:37
covid brasil,38,BR-MA,COVID-19,2021-07,2025-07-30 15:37
covid 19,38,BR-MA,COVID-19,2021-07,2025-07-30 15:37
covid sintomas,34,BR-MA,COVID-19,2021-07,2025-07-30 15:37
vacinação covid,29,BR-MA,COVID-19,2021-07,2025-07-30 15:37
covid maranhão,23,BR-MA,COVID-19,2021-07,2025-07-30 15:37
sintomas do covid,16,BR-MA,COVID-19,2021-07,2025-07-30 15:37
covid no brasil,14,BR-MA,COVID-19,2021-07,2025-07-30 15:37
teste de covid,12,BR-MA,COVID-19,2021-07,2025-07-30 15:37
vacinas covid,12,BR-MA,COVID-19,2021-07,2025-07-30 15:37
cpi covid,12,BR-MA,COVID-19,2021-07,2025-07-30 15:37
sintomas de covid,11,BR-MA,COVID-19,2021-07,2025-07-30 15:37
vacinação covid sao luis,9,BR-MA,COVID-19,2021-07,2025-07-30 15:37
cpi da covid,8,BR-MA,COVID-19,2021-07,2025-07-30 15:37
mortes covid brasil,8,BR-MA,COVID-19,2021-07,2025-07-30 15:37
covid no maranhão,8,BR-MA,COVID-19,2021-07,2025-07-30 15:37
sintomas da covid,7,BR-MA,COVID-19,2021-07,2025-07-30 15:37
covid mundo,7,BR-MA,COVID-19,2021-07,2025-07-30 15:37
g1 covid,7,BR-MA,COVID-19,2021-07,2025-07-30 15:37
covid maranhao,6,BR-MA,COVID-19,2021-07,2025-07-30 15:37
cadastro vacina covid,6,BR-MA,COVID-19,2021-07,2025-07-30 15:37
pfizer,6,BR-MA,COVID-19,2021-07,2025-07-30 15:37
covid brasil hoje,5,BR-MA,COVID-19,2021-07,2025-07-30 15:37
vacina pfizer,5,BR-MA,COVID-19,2021-07,2025-07-30 15:37
vacina covid brasil,5,BR-MA,COVID-19,2021-07,2025-07-30 15:37
vacina,100,BR-MG,COVID-19,2021-07,2025-07-30 15:37
vacina covid,96,BR-MG,COVID-19,2021-07,2025-07-30 15:37
vacinação,39,BR-MG,COVID-19,2021-07,2025-07-30 15:37
vacinação covid,38,BR-MG,COVID-19,2021-07,2025-07-30 15:37
brasil covid,33,BR-MG,COVID-19,2021-07,2025-07-30 15:37
bh covid,30,BR-MG,COVID-19,2021-07,2025-07-30 15:37
covid sintomas,29,BR-MG,COVID-19,2021-07,2025-07-30 15:37
covid 19,24,BR-MG,COVID-19,2021-07,2025-07-30 15:37
covid mg,18,BR-MG,COVID-19,2021-07,2025-07-30 15:37
covid hoje,17,BR-MG,COVID-19,2021-07,2025-07-30 15:37
uberlandia covid,16,BR-MG,COVID-19,2021-07,2025-07-30 15:37
teste covid,15,BR-MG,COVID-19,2021-07,2025-07-30 15:37
mortes covid,13,BR-MG,COVID-19,2021-07,2025-07-30 15:37
vacinas covid,11,BR-MG,COVID-19,2021-07,2025-07-30 15:37
vacina covid bh,9,BR-MG,COVID-19,2021-07,2025-07-30 15:37
vacinação covid bh,8,BR-MG,COVID-19,2021-07,2025-07-30 15:37
covid no brasil,8,BR-MG,COVID-19,2021-07,2025-07-30 15:37
uberlândia covid,8,BR-MG,COVID-19,2021-07,2025-07-30 15:37
sintomas de covid,8,BR-MG,COVID-19,2021-07,2025-07-30 15:37
covid em bh,7,BR-MG,COVID-19,2021-07,2025-07-30 15:37
mortes covid brasil,7,BR-MG,COVID-19,2021-07,2025-07-30 15:37
vacinacao covid,7,BR-MG,COVID-19,2021-07,2025-07-30 15:37
cadastro vacina covid,7,BR-MG,COVID-19,2021-07,2025-07-30 15:37
teste de covid,6,BR-MG,COVID-19,2021-07,2025-07-30 15:37
vacina covid uberlandia,6,BR-MG,COVID-19,2021-07,2025-07-30 15:37
vacina covid,100,BR-MS,COVID-19,2021-07,2025-07-30 15:37
covid ms,98,BR-MS,COVID-19,2021-07,2025-07-30 15:37
campo grande covid,76,BR-MS,COVID-19,2021-07,2025-07-30 15:37
covid campo grande ms,62,BR-MS,COVID-19,2021-07,2025-07-30 15:37
vacina covid ms,38,BR-MS,COVID-19,2021-07,2025-07-30 15:37
vacina covid campo grande,36,BR-MS,COVID-19,2021-07,2025-07-30 15:37
vacina covid campo grande ms,33,BR-MS,COVID-19,2021-07,2025-07-30 15:37
vacinação covid,26,BR-MS,COVID-19,2021-07,2025-07-30 15:37
vacina da covid,23,BR-MS,COVID-19,2021-07,2025-07-30 15:37
sintomas covid,23,BR-MS,COVID-19,2021-07,2025-07-30 15:37
covid 19,20,BR-MS,COVID-19,2021-07,2025-07-30 15:37
teste covid,20,BR-MS,COVID-19,2021-07,2025-07-30 15:37
vacinação covid ms,18,BR-MS,COVID-19,2021-07,2025-07-30 15:37
vacina do covid,17,BR-MS,COVID-19,2021-07,2025-07-30 15:37
vacinação covid campo grande,16,BR-MS,COVID-19,2021-07,2025-07-30 15:37
covid brasil,16,BR-MS,COVID-19,2021-07,2025-07-30 15:37
vacinação covid campo grande ms,15,BR-MS,COVID-19,2021-07,2025-07-30 15:37
covid em campo grande ms,12,BR-MS,COVID-19,2021-07,2025-07-30 15:37
cadastro vacina,11,BR-MS,COVID-19,2021-07,2025-07-30 15:37
cadastro vacina covid,10,BR-MS,COVID-19,2021-07,2025-07-30 15:37
exame covid,9,BR-MS,COVID-19,2021-07,2025-07-30 15:37
vacinas covid,9,BR-MS,COVID-19,2021-07,2025-07-30 15:37
sesau covid,8,BR-MS,COVID-19,2021-07,2025-07-30 15:37
teste covid campo grande ms,8,BR-MS,COVID-19,2021-07,2025-07-30 15:37
resultado covid,8,BR-MS,COVID-19,2021-07,2025-07-30 15:37
vacina covid,100,BR-MT,COVID-19,2021-07,2025-07-30 15:37
covid cuiaba,34,BR-MT,COVID-19,2021-07,2025-07-30 15:37
vacina covid cuiaba,26,BR-MT,COVID-19,2021-07,2025-07-30 15:37
cadastro vacina covid,21,BR-MT,COVID-19,2021-07,2025-07-30 15:37
sintomas covid,20,BR-MT,COVID-19,2021-07,2025-07-30 15:37
covid mt,19,BR-MT,COVID-19,2021-07,2025-07-30 15:37
covid 19,16,BR-MT,COVID-19,2021-07,2025-07-30 15:37
brasil covid,16,BR-MT,COVID-19,2021-07,2025-07-30 15:37
vacinação covid,16,BR-MT,COVID-19,2021-07,2025-07-30 15:37
vacina do covid,15,BR-MT,COVID-19,2021-07,2025-07-30 15:37
varzea grande vacina covid,13,BR-MT,COVID-19,2021-07,2025-07-30 15:37
teste covid,11,BR-MT,COVID-19,2021-07,2025-07-30 15:37
vacinas covid,10,BR-MT,COVID-19,2021-07,2025-07-30 15:37
cadastro vacina covid cuiaba,8,BR-MT,COVID-19,2021-07,2025-07-30 15:37
covid hoje,7,BR-MT,COVID-19,2021-07,2025-07-30 15:37
covid no brasil,6,BR-MT,COVID-19,2021-07,2025-07-30 15:37
sintomas de covid,6,BR-MT,COVID-19,2021-07,2025-07-30 15:37
mato grosso,6,BR-MT,COVID-19,2021-07,2025-07-30 15:37
teste de covid,5,BR-MT,COVID-19,2021-07,2025-07-30 15:37
mato grosso covid,5,BR-MT,COVID-19,2021-07,2025-07-30 15:37
arena pantanal,5,BR-MT,COVID-19,2021-07,2025-07-30 15:37
arena pantanal covid,5,BR-MT,COVID-19,2021-07,2025-07-30 15:37
rondonópolis covid,5,BR-MT,COVID-19,2021-07,2025-07-30 15:37
covid em cuiaba,4,BR-MT,COVID-19,2021-07,2025-07-30 15:37
sintomas da covid,4,BR-MT,COVID-19,2021-07,2025-07-30 15:37
vacina,100,BR-PA,COVID-19,2021-07,2025-07-30 15:37
vacina covid,93,BR-PA,COVID-19,2021-07,2025-07-30 15:37
vacinação,48,BR-PA,COVID-19,2021-07,2025-07-30 15:37
vacinação covid,45,BR-PA,COVID-19,2021-07,2025-07-30 15:37
brasil covid,27,BR-PA,COVID-19,2021-07,2025-07-30 15:37
covid 19,27,BR-PA,COVID-19,2021-07,2025-07-30 15:37
covid belem,24,BR-PA,COVID-19,2021-07,2025-07-30 15:37
vacina do covid,24,BR-PA,COVID-19,2021-07,2025-07-30 15:37
vacinação covid belém,20,BR-PA,COVID-19,2021-07,2025-07-30 15:37
covid hoje,19,BR-PA,COVID-19,2021-07,2025-07-30 15:37
covid sintomas,19,BR-PA,COVID-19,2021-07,2025-07-30 15:37
covid pará,18,BR-PA,COVID-19,2021-07,2025-07-30 15:37
vacina covid belem,13,BR-PA,COVID-19,2021-07,2025-07-30 15:37
vacinação em belém covid,13,BR-PA,COVID-19,2021-07,2025-07-30 15:37
covid no brasil,12,BR-PA,COVID-19,2021-07,2025-07-30 15:37
vacinas covid,11,BR-PA,COVID-19,2021-07,2025-07-30 15:37
teste covid,11,BR-PA,COVID-19,2021-07,2025-07-30 15:37
vacina covid belém,11,BR-PA,COVID-19,2021-07,2025-07-30 15:37
sintomas do covid,10,BR-PA,COVID-19,2021-07,2025-07-30 15:37
ananindeua vacinação,10,BR-PA,COVID-19,2021-07,2025-07-30 15:37
vacinação covid ananindeua,9,BR-PA,COVID-19,2021-07,2025-07-30 15:37
vacinação belem,9,BR-PA,COVID-19,2021-07,2025-07-30 15:37
vacinação covid belem,9,BR-PA,COVID-19,2021-07,2025-07-30 15:37
calendário vacinação covid belém,8,BR-PA,COVID-19,2021-07,2025-07-30 15:37
vacina ananindeua covid,8,BR-PA,COVID-19,2021-07,2025-07-30 15:37
vacina covid,100,BR-PB,COVID-19,2021-07,2025-07-30 15:37
vacina da covid,41,BR-PB,COVID-19,2021-07,2025-07-30 15:37
covid brasil,39,BR-PB,COVID-19,2021-07,2025-07-30 15:37
covid 19,27,BR-PB,COVID-19,2021-07,2025-07-30 15:37
vacinação covid,27,BR-PB,COVID-19,2021-07,2025-07-30 15:37
covid sintomas,27,BR-PB,COVID-19,2021-07,2025-07-30 15:37
covid paraiba,24,BR-PB,COVID-19,2021-07,2025-07-30 15:37
covid pb,23,BR-PB,COVID-19,2021-07,2025-07-30 15:37
covid campina grande,22,BR-PB,COVID-19,2021-07,2025-07-30 15:37
covid joao pessoa,20,BR-PB,COVID-19,2021-07,2025-07-30 15:37
mortes covid,17,BR-PB,COVID-19,2021-07,2025-07-30 15:37
covid no brasil,14,BR-PB,COVID-19,2021-07,2025-07-30 15:37
sintomas do covid,14,BR-PB,COVID-19,2021-07,2025-07-30 15:37
teste covid,14,BR-PB,COVID-19,2021-07,2025-07-30 15:37
covid paraíba,11,BR-PB,COVID-19,2021-07,2025-07-30 15:37
vacina covid joao pessoa,11,BR-PB,COVID-19,2021-07,2025-07-30 15:37
mortes covid brasil,10,BR-PB,COVID-19,2021-07,2025-07-30 15:37
sintomas de covid,9,BR-PB,COVID-19,2021-07,2025-07-30 15:37
g1 covid,9,BR-PB,COVID-19,2021-07,2025-07-30 15:37
agendamento vacina covid,9,BR-PB,COVID-19,2021-07,2025-07-30 15:37
vacinação covid campina grande,8,BR-PB,COVID-19,2021-07,2025-07-30 15:37
covid mundo,8,BR-PB,COVID-19,2021-07,2025-07-30 15:37
vacina joão pessoa covid,8,BR-PB,COVID-19,2021-07,2025-07-30 15:37
covid na paraiba,7,BR-PB,COVID-19,2021-07,2025-07-30 15:37
cpi da covid,7,BR-PB,COVID-19,2021-07,2025-07-30 15:37
vacina,100,BR-PE,COVID-19,2021-07,2025-07-30 15:37
vacina covid,95,BR-PE,COVID-19,2021-07,2025-07-30 15:37
vacina da covid,28,BR-PE,COVID-19,2021-07,2025-07-30 15:37
covid recife,26,BR-PE,COVID-19,2021-07,2025-07-30 15:37
covid brasil,24,BR-PE,COVID-19,2021-07,2025-07-30 15:37
covid 19,20,BR-PE,COVID-19,2021-07,2025-07-30 15:37
covid pernambuco,20,BR-PE,COVID-19,2021-07,2025-07-30 15:37
vacinação,19,BR-PE,COVID-19,2021-07,2025-07-30 15:37
vacinação covid,17,BR-PE,COVID-19,2021-07,2025-07-30 15:37
sintomas covid,17,BR-PE,COVID-19,2021-07,2025-07-30 15:37
covid vacina recife,16,BR-PE,COVID-19,2021-07,2025-07-30 15:37
teste covid,16,BR-PE,COVID-19,2021-07,2025-07-30 15:37
vacina do covid,16,BR-PE,COVID-19,2021-07,2025-07-30 15:37
covid hoje,11,BR-PE,COVID-19,2021-07,2025-07-30 15:37
mortes covid,10,BR-PE,COVID-19,2021-07,2025-07-30 15:37
sintomas de covid,10,BR-PE,COVID-19,2021-07,2025-07-30 15:37
covid no brasil,9,BR-PE,COVID-19,2021-07,2025-07-30 15:37
covid pe,9,BR-PE,COVID-19,2021-07,2025-07-30 15:37
agendar vacina covid,8,BR-PE,COVID-19,2021-07,2025-07-30 15:37
agendamento vacina covid,8,BR-PE,COVID-19,2021-07,2025-07-30 15:37
covid em pernambuco,7,BR-PE,COVID-19,2021-07,2025-07-30 15:37
vacinas covid,7,BR-PE,COVID-19,2021-07,2025-07-30 15:37
teste de covid,7,BR-PE,COVID-19,2021-07,2025-07-30 15:37
cpi covid,6,BR-PE,COVID-19,2021-07,2025-07-30 15:37
mortes covid brasil,5,BR-PE,COVID-19,2021-07,2025-07-30 15:37
vacina,100,BR-PI,COVID-19,2021-07,2025-07-30 15:37
vacina covid,97,BR-PI,COVID-19,2021-07,2025-07-30 15:37
covid teresina,60,BR-PI,COVID-19,2021-07,2025-07-30 15:37
vacina teresina covid,39,BR-PI,COVID-19,2021-07,2025-07-30 15:37
covid brasil,30,BR-PI,COVID-19,2021-07,2025-07-30 15:37
covid 19,27,BR-PI,COVID-19,2021-07,2025-07-30 15:37
sintomas covid,25,BR-PI,COVID-19,2021-07,2025-07-30 15:37
vacinação covid,24,BR-PI,COVID-19,2021-07,2025-07-30 15:37
covid piaui,22,BR-PI,COVID-19,2021-07,2025-07-30 15:37
agendamento vacina,20,BR-PI,COVID-19,2021-07,2025-07-30 15:37
vacina covid agendamento,19,BR-PI,COVID-19,2021-07,2025-07-30 15:37
vacinação teresina covid,14,BR-PI,COVID-19,2021-07,2025-07-30 15:37
agendamento covid teresina,13,BR-PI,COVID-19,2021-07,2025-07-30 15:37
covid piauí,12,BR-PI,COVID-19,2021-07,2025-07-30 15:37
agendar vacina covid,12,BR-PI,COVID-19,2021-07,2025-07-30 15:37
sintomas do covid,12,BR-PI,COVID-19,2021-07,2025-07-30 15:37
covid no brasil,11,BR-PI,COVID-19,2021-07,2025-07-30 15:37
agendamento vacina covid teresina,11,BR-PI,COVID-19,2021-07,2025-07-30 15:37
vacinas covid,9,BR-PI,COVID-19,2021-07,2025-07-30 15:37
cpi covid,9,BR-PI,COVID-19,2021-07,2025-07-30 15:37
sintomas de covid,8,BR-PI,COVID-19,2021-07,2025-07-30 15:37
mortes covid brasil,8,BR-PI,COVID-19,2021-07,2025-07-30 15:37
sintomas da covid,7,BR-PI,COVID-19,2021-07,2025-07-30 15:37
cpi da covid,7,BR-PI,COVID-19,2021-07,2025-07-30 15:37
brasil covid hoje,6,BR-PI,COVID-19,2021-07,2025-07-30 15:37
covid vacina,100,BR-PR,COVID-19,2021-07,2025-07-30 15:37
covid curitiba,48,BR-PR,COVID-19,2021-07,2025-07-30 15:37
covid londrina,28,BR-PR,COVID-19,2021-07,2025-07-30 15:37
vacinação covid,27,BR-PR,COVID-19,2021-07,2025-07-30 15:37
curitiba vacina covid,20,BR-PR,COVID-19,2021-07,2025-07-30 15:37
brasil covid,18,BR-PR,COVID-19,2021-07,2025-07-30 15:37
londrina vacina covid,18,BR-PR,COVID-19,2021-07,2025-07-30 15:37
vacina londrina covid,18,BR-PR,COVID-19,2021-07,2025-07-30 15:37
covid sintomas,16,BR-PR,COVID-19,2021-07,2025-07-30 15:37
covid 19,15,BR-PR,COVID-19,2021-07,2025-07-30 15:37
teste covid,11,BR-PR,COVID-19,2021-07,2025-07-30 15:37
vacinação covid curitiba,11,BR-PR,COVID-19,2021-07,2025-07-30 15:37
cadastro covid,10,BR-PR,COVID-19,2021-07,2025-07-30 15:37
covid pr,9,BR-PR,COVID-19,2021-07,2025-07-30 15:37
agendamento vacina,9,BR-PR,COVID-19,2021-07,2025-07-30 15:37
agendamento vacina covid,9,BR-PR,COVID-19,2021-07,2025-07-30 15:37
covid em curitiba,9,BR-PR,COVID-19,2021-07,2025-07-30 15:37
vacinas covid,8,BR-PR,COVID-19,2021-07,2025-07-30 15:37
cadastro vacina covid,8,BR-PR,COVID-19,2021-07,2025-07-30 15:37
cadastro covid londrina,7,BR-PR,COVID-19,2021-07,2025-07-30 15:37
covid parana,7,BR-PR,COVID-19,2021-07,2025-07-30 15:37
covid foz,6,BR-PR,COVID-19,2021-07,2025-07-30 15:37
agendamento covid londrina,6,BR-PR,COVID-19,2021-07,2025-07-30 15:37
cadastro vacina covid londrina,5,BR-PR,COVID-19,2021-07,2025-07-30 15:37
covid maringa,5,BR-PR,COVID-19,2021-07,2025-07-30 15:37
vacina covid,100,BR-RJ,COVID-19,2021-07,2025-07-30 15:37
vacinação,60,BR-RJ,COVID-19,2021-07,2025-07-30 15:37
vacinação covid,58,BR-RJ,COVID-19,2021-07,2025-07-30 15:37
covid rj,57,BR-RJ,COVID-19,2021-07,2025-07-30 15:37
vacina da covid,36,BR-RJ,COVID-19,2021-07,2025-07-30 15:37
covid 19,32,BR-RJ,COVID-19,2021-07,2025-07-30 15:37
covid rio,31,BR-RJ,COVID-19,2021-07,2025-07-30 15:37
brasil covid,30,BR-RJ,COVID-19,2021-07,2025-07-30 15:37
sintomas covid,27,BR-RJ,COVID-19,2021-07,2025-07-30 15:37
covid rio de janeiro,27,BR-RJ,COVID-19,2021-07,2025-07-30 15:37
vacinação rj covid,25,BR-RJ,COVID-19,2021-07,2025-07-30 15:37
teste covid,19,BR-RJ,COVID-19,2021-07,2025-07-30 15:37
vacina covid rj,17,BR-RJ,COVID-19,2021-07,2025-07-30 15:37
covid hoje,15,BR-RJ,COVID-19,2021-07,2025-07-30 15:37
calendário covid rj,15,BR-RJ,COVID-19,2021-07,2025-07-30 15:37
mortes covid,14,BR-RJ,COVID-19,2021-07,2025-07-30 15:37
vacina do covid,14,BR-RJ,COVID-19,2021-07,2025-07-30 15:37
calendário vacinação covid rj,11,BR-RJ,COVID-19,2021-07,2025-07-30 15:37
vacinas covid,10,BR-RJ,COVID-19,2021-07,2025-07-30 15:37
vacinação covid rio de janeiro,9,BR-RJ,COVID-19,2021-07,2025-07-30 15:37
sintomas do covid,9,BR-RJ,COVID-19,2021-07,2025-07-30 15:37
teste de covid,9,BR-RJ,COVID-19,2021-07,2025-07-30 15:37
covid no brasil,9,BR-RJ,COVID-19,2021-07,2025-07-30 15:37
sintomas covid 19,8,BR-RJ,COVID-19,2021-07,2025-07-30 15:37
covid brasil mortes,8,BR-RJ,COVID-19,2021-07,2025-07-30 15:37
vacina covid,100,BR-RN,COVID-19,2021-07,2025-07-30 15:37
covid rn,59,BR-RN,COVID-19,2021-07,2025-07-30 15:37
covid natal,51,BR-RN,COVID-19,2021-07,2025-07-30 15:37
brasil covid,45,BR-RN,COVID-19,2021-07,2025-07-30 15:37
covid 19,33,BR-RN,COVID-19,2021-07,2025-07-30 15:37
sintomas covid,32,BR-RN,COVID-19,2021-07,2025-07-30 15:37
vacinação covid,30,BR-RN,COVID-19,2021-07,2025-07-30 15:37
covid natal rn,26,BR-RN,COVID-19,2021-07,2025-07-30 15:37
vacina covid rn,26,BR-RN,COVID-19,2021-07,2025-07-30 15:37
vacina covid natal,21,BR-RN,COVID-19,2021-07,2025-07-30 15:37
mortes covid,20,BR-RN,COVID-19,2021-07,2025-07-30 15:37
sintomas do covid,18,BR-RN,COVID-19,2021-07,2025-07-30 15:37
vacinas covid,18,BR-RN,COVID-19,2021-07,2025-07-30 15:37
covid no brasil,17,BR-RN,COVID-19,2021-07,2025-07-30 15:37
teste covid,16,BR-RN,COVID-19,2021-07,2025-07-30 15:37
vacina natal rn covid,14,BR-RN,COVID-19,2021-07,2025-07-30 15:37
mortes covid brasil,12,BR-RN,COVID-19,2021-07,2025-07-30 15:37
cpi covid,11,BR-RN,COVID-19,2021-07,2025-07-30 15:37
sintomas de covid,10,BR-RN,COVID-19,2021-07,2025-07-30 15:37
cpi da covid,9,BR-RN,COVID-19,2021-07,2025-07-30 15:37
covid mundo,9,BR-RN,COVID-19,2021-07,2025-07-30 15:37
g1 covid,9,BR-RN,COVID-19,2021-07,2025-07-30 15:37
teste de covid,8,BR-RN,COVID-19,2021-07,2025-07-30 15:37
vacinação covid natal rn,7,BR-RN,COVID-19,2021-07,2025-07-30 15:37
sintomas da covid,7,BR-RN,COVID-19,2021-07,2025-07-30 15:37
vacina covid,100,BR-RO,COVID-19,2021-07,2025-07-30 15:37
covid rondonia,54,BR-RO,COVID-19,2021-07,2025-07-30 15:37
covid 19,43,BR-RO,COVID-19,2021-07,2025-07-30 15:37
boletim covid,41,BR-RO,COVID-19,2021-07,2025-07-30 15:37
covid brasil,38,BR-RO,COVID-19,2021-07,2025-07-30 15:37
covid rondônia,36,BR-RO,COVID-19,2021-07,2025-07-30 15:37
sintomas covid,35,BR-RO,COVID-19,2021-07,2025-07-30 15:37
covid porto velho,34,BR-RO,COVID-19,2021-07,2025-07-30 15:37
vacina do covid,29,BR-RO,COVID-19,2021-07,2025-07-30 15:37
boletim covid rondonia,23,BR-RO,COVID-19,2021-07,2025-07-30 15:37
sintomas do covid,19,BR-RO,COVID-19,2021-07,2025-07-30 15:37
covid em rondônia,16,BR-RO,COVID-19,2021-07,2025-07-30 15:37
covid no brasil,15,BR-RO,COVID-19,2021-07,2025-07-30 15:37
vacinas,15,BR-RO,COVID-19,2021-07,2025-07-30 15:37
vacinas covid,14,BR-RO,COVID-19,2021-07,2025-07-30 15:37
g1 covid,13,BR-RO,COVID-19,2021-07,2025-07-30 15:37
covid mundo,12,BR-RO,COVID-19,2021-07,2025-07-30 15:37
boletim covid rondônia,11,BR-RO,COVID-19,2021-07,2025-07-30 15:37
sintomas de covid,11,BR-RO,COVID-19,2021-07,2025-07-30 15:37
covid 19 rondonia,9,BR-RO,COVID-19,2021-07,2025-07-30 15:37
astrazeneca,9,BR-RO,COVID-19,2021-07,2025-07-30 15:37
cpi da covid,9,BR-RO,COVID-19,2021-07,2025-07-30 15:37
covid no mundo,7,BR-RO,COVID-19,2021-07,2025-07-30 15:37
vacinação porto velho,7,BR-RO,COVID-19,2021-07,2025-07-30 15:37
vacinação covid porto velho,7,BR-RO,COVID-19,2021-07,2025-07-30 15:37
vacina covid,100,BR-RR,COVID-19,2021-07,2025-07-30 15:37
covid brasil,33,BR-RR,COVID-19,2021-07,2025-07-30 15:37
sintomas do covid,16,BR-RR,COVID-19,2021-07,2025-07-30 15:37
sintomas de covid,9,BR-RR,COVID-19,2021-07,2025-07-30 15:37
mortes covid brasil,6,BR-RR,COVID-19,2021-07,2025-07-30 15:37
qual a melhor vacina contra covid,4,BR-RR,COVID-19,2021-07,2025-07-30 15:37
calendário de vacinação covid rr,2,BR-RR,COVID-19,2021-07,2025-07-30 15:37
vacina covid,100,BR-RS,COVID-19,2021-07,2025-07-30 15:37
vacina,100,BR-RS,COVID-19,2021-07,2025-07-30 15:37
vacinação,37,BR-RS,COVID-19,2021-07,2025-07-30 15:37
covid rs,36,BR-RS,COVID-19,2021-07,2025-07-30 15:37
vacinação covid,36,BR-RS,COVID-19,2021-07,2025-07-30 15:37
covid porto alegre,30,BR-RS,COVID-19,2021-07,2025-07-30 15:37
covid brasil,23,BR-RS,COVID-19,2021-07,2025-07-30 15:37
vacina do covid,20,BR-RS,COVID-19,2021-07,2025-07-30 15:37
covid 19,19,BR-RS,COVID-19,2021-07,2025-07-30 15:37
sintomas covid,18,BR-RS,COVID-19,2021-07,2025-07-30 15:37
vacinas,15,BR-RS,COVID-19,2021-07,2025-07-30 15:37
vacinas covid,15,BR-RS,COVID-19,2021-07,2025-07-30 15:37
teste covid,13,BR-RS,COVID-19,2021-07,2025-07-30 15:37
mortes covid,12,BR-RS,COVID-19,2021-07,2025-07-30 15:37
vacinação porto alegre covid,12,BR-RS,COVID-19,2021-07,2025-07-30 15:37
vacina rs,11,BR-RS,COVID-19,2021-07,2025-07-30 15:37
vacina covid porto alegre,11,BR-RS,COVID-19,2021-07,2025-07-30 15:37
vacina covid rs,10,BR-RS,COVID-19,2021-07,2025-07-30 15:37
covid no brasil,7,BR-RS,COVID-19,2021-07,2025-07-30 15:37
covid caxias do sul,7,BR-RS,COVID-19,2021-07,2025-07-30 15:37
vacinacao covid,6,BR-RS,COVID-19,2021-07,2025-07-30 15:37
vacinação rs,6,BR-RS,COVID-19,2021-07,2025-07-30 15:37
sintomas de covid,6,BR-RS,COVID-19,2021-07,2025-07-30 15:37
mortes covid brasil,6,BR-RS,COVID-19,2021-07,2025-07-30 15:37
cpi covid,6,BR-RS,COVID-19,2021-07,2025-07-30 15:37
vacina,100,BR-SC,COVID-19,2021-07,2025-07-30 15:37
covid vacina,99,BR-SC,COVID-19,2021-07,2025-07-30 15:37
vacinação,28,BR-SC,COVID-19,2021-07,2025-07-30 15:37
vacinação covid,27,BR-SC,COVID-19,2021-07,2025-07-30 15:37
covid sc,26,BR-SC,COVID-19,2021-07,2025-07-30 15:37
vacina da covid,20,BR-SC,COVID-19,2021-07,2025-07-30 15:37
covid brasil,17,BR-SC,COVID-19,2021-07,2025-07-30 15:37
vacina do covid,15,BR-SC,COVID-19,2021-07,2025-07-30 15:37
covid joinville,14,BR-SC,COVID-19,2021-07,2025-07-30 15:37
covid 19,14,BR-SC,COVID-19,2021-07,2025-07-30 15:37
covid blumenau,13,BR-SC,COVID-19,2021-07,2025-07-30 15:37
sintomas covid,13,BR-SC,COVID-19,2021-07,2025-07-30 15:37
vacinas covid,11,BR-SC,COVID-19,2021-07,2025-07-30 15:37
covid hoje,10,BR-SC,COVID-19,2021-07,2025-07-30 15:37
vacina covid blumenau,10,BR-SC,COVID-19,2021-07,2025-07-30 15:37
teste covid,9,BR-SC,COVID-19,2021-07,2025-07-30 15:37
agendamento vacina covid,9,BR-SC,COVID-19,2021-07,2025-07-30 15:37
covid florianopolis,9,BR-SC,COVID-19,2021-07,2025-07-30 15:37
vacina covid sc,9,BR-SC,COVID-19,2021-07,2025-07-30 15:37
vacina covid joinville,8,BR-SC,COVID-19,2021-07,2025-07-30 15:37
covid mortes,8,BR-SC,COVID-19,2021-07,2025-07-30 15:37
santa catarina covid,8,BR-SC,COVID-19,2021-07,2025-07-30 15:37
covid em sc,7,BR-SC,COVID-19,2021-07,2025-07-30 15:37
covid brusque,5,BR-SC,COVID-19,2021-07,2025-07-30 15:37
vacinacao covid,5,BR-SC,COVID-19,2021-07,2025-07-30 15:37
vacina covid,100,BR-SE,COVID-19,2021-07,2025-07-30 15:37
covid aracaju,76,BR-SE,COVID-19,2021-07,2025-07-30 15:37
covid sergipe,40,BR-SE,COVID-19,2021-07,2025-07-30 15:37
aracaju vacina covid,34,BR-SE,COVID-19,2021-07,2025-07-30 15:37
covid brasil,31,BR-SE,COVID-19,2021-07,2025-07-30 15:37
covid 19,27,BR-SE,COVID-19,2021-07,2025-07-30 15:37
vacinação covid aracaju,26,BR-SE,COVID-19,2021-07,2025-07-30 15:37
sintomas covid,25,BR-SE,COVID-19,2021-07,2025-07-30 15:37
covid em sergipe,17,BR-SE,COVID-19,2021-07,2025-07-30 15:37
covid no brasil,12,BR-SE,COVID-19,2021-07,2025-07-30 15:37
sintomas do covid,12,BR-SE,COVID-19,2021-07,2025-07-30 15:37
vacinas covid,11,BR-SE,COVID-19,2021-07,2025-07-30 15:37
vacinação em aracaju covid,9,BR-SE,COVID-19,2021-07,2025-07-30 15:37
vacinação em aracaju,9,BR-SE,COVID-19,2021-07,2025-07-30 15:37
g1 covid,8,BR-SE,COVID-19,2021-07,2025-07-30 15:37
mortes covid brasil,7,BR-SE,COVID-19,2021-07,2025-07-30 15:37
cpi da covid,7,BR-SE,COVID-19,2021-07,2025-07-30 15:37
sintomas de covid,7,BR-SE,COVID-19,2021-07,2025-07-30 15:37
sintomas da covid,6,BR-SE,COVID-19,2021-07,2025-07-30 15:37
covid 19 sergipe,6,BR-SE,COVID-19,2021-07,2025-07-30 15:37
cadastro vacina covid aracaju,5,BR-SE,COVID-19,2021-07,2025-07-30 15:37
vacinacao aracaju,5,BR-SE,COVID-19,2021-07,2025-07-30 15:37
calendario de vacinação covid aracaju,4,BR-SE,COVID-19,2021-07,2025-07-30 15:37
coronavirus,4,BR-SE,COVID-19,2021-07,2025-07-30 15:37
vacina covid brasil,4,BR-SE,COVID-19,2021-07,2025-07-30 15:37
vacina,100,BR-SP,COVID-19,2021-07,2025-07-30 15:37
vacina covid,100,BR-SP,COVID-19,2021-07,2025-07-30 15:37
vacinação,39,BR-SP,COVID-19,2021-07,2025-07-30 15:37
vacinação covid,38,BR-SP,COVID-19,2021-07,2025-07-30 15:37
covid sp,25,BR-SP,COVID-19,2021-07,2025-07-30 15:37
brasil covid,24,BR-SP,COVID-19,2021-07,2025-07-30 15:37
sintomas covid,19,BR-SP,COVID-19,2021-07,2025-07-30 15:37
covid 19,17,BR-SP,COVID-19,2021-07,2025-07-30 15:37
vacina do covid,15,BR-SP,COVID-19,2021-07,2025-07-30 15:37
teste covid,14,BR-SP,COVID-19,2021-07,2025-07-30 15:37
mortes covid,13,BR-SP,COVID-19,2021-07,2025-07-30 15:37
covid hoje,13,BR-SP,COVID-19,2021-07,2025-07-30 15:37
vacina covid sp,10,BR-SP,COVID-19,2021-07,2025-07-30 15:37
agendamento vacina covid,10,BR-SP,COVID-19,2021-07,2025-07-30 15:37
vacinas,10,BR-SP,COVID-19,2021-07,2025-07-30 15:37
vacinas covid,9,BR-SP,COVID-19,2021-07,2025-07-30 15:37
vacinação covid sp,9,BR-SP,COVID-19,2021-07,2025-07-30 15:37
covid sao paulo,8,BR-SP,COVID-19,2021-07,2025-07-30 15:37
covid brasil mortes,7,BR-SP,COVID-19,2021-07,2025-07-30 15:37
vacinacao covid,6,BR-SP,COVID-19,2021-07,2025-07-30 15:37
covid no brasil,6,BR-SP,COVID-19,2021-07,2025-07-30 15:37
teste de covid,6,BR-SP,COVID-19,2021-07,2025-07-30 15:37
calendario de vacinação,5,BR-SP,COVID-19,2021-07,2025-07-30 15:37
exame covid,5,BR-SP,COVID-19,2021-07,2025-07-30 15:37
calendário vacinação covid,5,BR-SP,COVID-19,2021-07,2025-07-30 15:37
vacina covid,100,BR-TO,COVID-19,2021-07,2025-07-30 15:37
covid palmas,60,BR-TO,COVID-19,2021-07,2025-07-30 15:37
covid tocantins,41,BR-TO,COVID-19,2021-07,2025-07-30 15:37
vacina palmas,34,BR-TO,COVID-19,2021-07,2025-07-30 15:37
covid brasil,32,BR-TO,COVID-19,2021-07,2025-07-30 15:37
vacina covid palmas,32,BR-TO,COVID-19,2021-07,2025-07-30 15:37
sintomas covid,31,BR-TO,COVID-19,2021-07,2025-07-30 15:37
covid 19,27,BR-TO,COVID-19,2021-07,2025-07-30 15:37
vacinas covid,13,BR-TO,COVID-19,2021-07,2025-07-30 15:37
covid no brasil,13,BR-TO,COVID-19,2021-07,2025-07-30 15:37
agendamento vacina,13,BR-TO,COVID-19,2021-07,2025-07-30 15:37
vacinação covid palmas,13,BR-TO,COVID-19,2021-07,2025-07-30 15:37
agendar vacina covid palmas,12,BR-TO,COVID-19,2021-07,2025-07-30 15:37
mortes covid,12,BR-TO,COVID-19,2021-07,2025-07-30 15:37
agendamento vacina palmas,11,BR-TO,COVID-19,2021-07,2025-07-30 15:37
agendamento vacina covid palmas,10,BR-TO,COVID-19,2021-07,2025-07-30 15:37
sintomas de covid,9,BR-TO,COVID-19,2021-07,2025-07-30 15:37
covid 19 tocantins,7,BR-TO,COVID-19,2021-07,2025-07-30 15:37
mortes covid brasil,7,BR-TO,COVID-19,2021-07,2025-07-30 15:37
sintomas do covid,7,BR-TO,COVID-19,2021-07,2025-07-30 15:37
boletim covid tocantins,6,BR-TO,COVID-19,2021-07,2025-07-30 15:37
vacina covid brasil,6,BR-TO,COVID-19,2021-07,2025-07-30 15:37
sintomas da covid,5,BR-TO,COVID-19,2021-07,2025-07-30 15:37
agendamento vacina covid palmas tocantins,5,BR-TO,COVID-19,2021-07,2025-07-30 15:37
cpi da covid,4,BR-TO,COVID-19,2021-07,2025-07-30 15:37
vacina,100,BR,COVID-19,2021-07,2025-07-30 15:37
covid vacina,98,BR,COVID-19,2021-07,2025-07-30 15:37
vacinação covid,38,BR,COVID-19,2021-07,2025-07-30 15:37
vacinação,36,BR,COVID-19,2021-07,2025-07-30 15:37
covid brasil,23,BR,COVID-19,2021-07,2025-07-30 15:37
covid sintomas,20,BR,COVID-19,2021-07,2025-07-30 15:37
covid 19,19,BR,COVID-19,2021-07,2025-07-30 15:37
vacina do covid,15,BR,COVID-19,2021-07,2025-07-30 15:37
teste covid,14,BR,COVID-19,2021-07,2025-07-30 15:37
covid hoje,13,BR,COVID-19,2021-07,2025-07-30 15:37
mortes covid,11,BR,COVID-19,2021-07,2025-07-30 15:37
vacinas,11,BR,COVID-19,2021-07,2025-07-30 15:37
vacinas covid,10,BR,COVID-19,2021-07,2025-07-30 15:37
covid sp,9,BR,COVID-19,2021-07,2025-07-30 15:37
agendamento vacina covid,8,BR,COVID-19,2021-07,2025-07-30 15:37
covid no brasil,7,BR,COVID-19,2021-07,2025-07-30 15:37
covid brasil mortes,6,BR,COVID-19,2021-07,2025-07-30 15:37
teste de covid,6,BR,COVID-19,2021-07,2025-07-30 15:37
vacinacao covid,6,BR,COVID-19,2021-07,2025-07-30 15:37
sintomas de covid,6,BR,COVID-19,2021-07,2025-07-30 15:37
cadastro vacina,6,BR,COVID-19,2021-07,2025-07-30 15:37
vacina covid cadastro,5,BR,COVID-19,2021-07,2025-07-30 15:37
sintomas do covid,5,BR,COVID-19,2021-07,2025-07-30 15:37
covid mundo,5,BR,COVID-19,2021-07,2025-07-30 15:37
calendário vacinação covid,5,BR,COVID-19,2021-07,2025-07-30 15:37
